TenPct_AGhipX	TenPct_AGhipY	TenPct_AGhipZ	TwentyFivePct_AGhipX	TwentyFivePct_AGhipY	TwentyFivePct_AGhipZ	FiftyPct_AGhipX	FiftyPct_AGhipY	FiftyPct_AGhipZ	SeventyFivePct_AGhipX	SeventyFivePct_AGhipY	SeventyFivePct_AGhipZ	NinetyPct_AGhipX	NinetyPct_AGhipY	NinetyPct_AGhipZ
-0.398	0.8240000000000001	-0.371	-0.328	0.91	-0.285	-0.262	0.973	-0.17600000000000002	-0.207	1.016	-0.07400000000000001	-0.16399999999999998	1.078	0.0
-0.398	0.836	-0.344	-0.324	0.906	-0.23	-0.262	0.969	-0.07400000000000001	-0.199	1.012	0.02	0.086	1.082	0.109
0.105	0.953	-0.219	0.129	0.957	-0.18	0.225	0.965	-0.047	0.281	0.977	-0.031	0.289	0.988	-0.007599999999999454
0.2604000000000001	0.945	-0.07	0.297	0.949	-0.043	0.297	0.949	-0.043	0.301	0.953	-0.027000000000000003	0.301	0.969	-0.012
0.223	0.953	-0.086	0.246	0.957	-0.078	0.266	0.961	-0.063	0.277	0.969	-0.047	0.285	0.973	-0.03059999999999945
-0.055	0.895	-0.254	0.027000000000000003	0.93	-0.223	0.12300000000000001	0.969	-0.168	0.34	0.992	-0.078	0.402	1.012	-0.008
0.301	0.93	0.016	0.316	0.934	0.031	0.328	0.938	0.047	0.34	0.941	0.051	0.3444000000000005	0.949	0.059
0.324	0.914	0.016	0.324	0.922	0.023	0.35200000000000004	0.93	0.043	0.375	0.934	0.055	0.383	0.938	0.078
0.359	0.914	0.004	0.3670000000000001	0.918	0.016	0.371	0.922	0.023	0.375	0.926	0.031	0.383	0.93	0.047
0.363	0.918	0.008	0.3670000000000001	0.918	0.023	0.371	0.922	0.035	0.371	0.926	0.039	0.375	0.93	0.043
0.3670000000000001	0.922	-0.004	0.3670000000000001	0.926	-0.004	0.3670000000000001	0.926	-0.004	0.3670000000000001	0.926	0.0	0.371	0.926	0.008
-0.012	0.961	-0.238	-0.004	0.984	-0.238	0.0	0.988	-0.234	0.004	0.988	-0.227	0.25	0.996	-0.086
0.023	0.969	-0.281	0.027000000000000003	0.977	-0.262	0.035	0.984	-0.238	0.051	0.988	-0.227	0.055	0.996	-0.207
0.039	0.98	-0.227	0.047	0.984	-0.223	0.051	0.988	-0.203	0.07400000000000001	0.992	-0.188	0.08199999999999999	0.996	-0.184
0.055	0.98	-0.219	0.055	0.988	-0.207	0.055	0.996	-0.199	0.055	0.996	-0.199	0.094	0.996	-0.199
0.031	0.977	-0.254	0.043	0.98	-0.246	0.051	0.984	-0.234	0.051	0.984	-0.234	0.051	0.984	-0.234
0.012	0.973	-0.27	0.02	0.977	-0.262	0.035	0.98	-0.254	0.047	0.98	-0.25	0.051	0.984	-0.242
-0.016	0.934	-0.14800000000000002	-0.008	0.992	-0.039	0.012	1.008	-0.023	0.14800000000000002	1.012	0.0	0.309	1.012	0.059
0.023	0.93	-0.039	0.031	0.965	-0.023	0.051	1.004	-0.012	0.212	1.008	0.055	0.344	1.012	0.086
0.004	0.988	-0.215	0.012	0.992	-0.211	0.035	0.996	-0.191	0.059	1.008	-0.008	0.059	1.008	-0.008
0.035	0.973	-0.273	0.035	0.98	-0.242	0.035	0.992	-0.207	0.051	0.992	-0.207	0.066	0.992	-0.207
0.023	0.918	-0.246	0.051	0.926	-0.238	0.215	0.965	-0.17600000000000002	0.3670000000000001	0.98	0.0	0.375	0.984	0.012
0.0	0.91	-0.117	0.02	0.918	-0.094	0.115	0.996	-0.066	0.383	1.004	0.016	0.391	1.008	0.059
-0.008	0.922	-0.117	-0.004	0.926	-0.113	0.004	1.0	-0.105	0.3670000000000001	1.004	0.023	0.3670000000000001	1.008	0.035
0.3670000000000001	0.922	0.035	0.3670000000000001	0.926	0.035	0.3670000000000001	0.926	0.035	0.3670000000000001	0.926	0.035	0.3670000000000001	0.926	0.055
0.3670000000000001	0.922	0.043	0.3670000000000001	0.922	0.047	0.3670000000000001	0.922	0.047	0.3670000000000001	0.922	0.047	0.371	0.922	0.047
0.3670000000000001	0.914	0.027000000000000003	0.3670000000000001	0.922	0.047	0.3670000000000001	0.922	0.047	0.371	0.922	0.047	0.375	0.922	0.08199999999999999
0.3670000000000001	0.918	0.016	0.3670000000000001	0.922	0.02	0.371	0.926	0.02	0.371	0.926	0.023	0.375	0.926	0.023
0.371	0.926	0.02	0.371	0.926	0.02	0.371	0.926	0.02	0.371	0.926	0.02	0.371	0.926	0.02
0.371	0.926	0.02	0.371	0.926	0.02	0.371	0.926	0.02	0.371	0.926	0.02	0.371	0.926	0.02
0.371	0.926	0.02	0.371	0.926	0.02	0.371	0.926	0.02	0.371	0.926	0.02	0.371	0.926	0.02
0.371	0.926	0.02	0.371	0.926	0.02	0.371	0.926	0.02	0.371	0.926	0.02	0.371	0.926	0.02
0.371	0.926	0.02	0.371	0.926	0.02	0.371	0.926	0.02	0.371	0.926	0.02	0.371	0.926	0.02
0.371	0.926	0.02	0.371	0.926	0.02	0.371	0.926	0.02	0.371	0.926	0.02	0.371	0.926	0.02
0.059	0.961	-0.285	0.066	0.973	-0.246	0.07400000000000001	0.98	-0.227	0.094	0.984	-0.219	0.125	0.992	-0.191
0.078	0.977	-0.223	0.078	0.977	-0.223	0.078	0.977	-0.223	0.078	0.977	-0.223	0.078	0.977	-0.223
-0.086	0.941	-0.383	-0.086	0.945	-0.375	-0.086	0.945	-0.363	-0.08199999999999999	0.945	-0.363	-0.07359999999999946	0.957	-0.359
-0.086	0.945	-0.363	-0.086	0.953	-0.355	-0.086	0.953	-0.348	-0.078	0.957	-0.336	-0.059	0.961	-0.336
-0.086	0.953	-0.336	-0.039	0.965	-0.328	-0.031	0.965	-0.32	-0.031	0.965	-0.32	0.02	0.973	-0.289
-0.043	0.961	-0.332	-0.031	0.965	-0.324	-0.023	0.965	-0.316	-0.004	0.973	-0.297	0.012	0.977	-0.285
-0.055	0.949	-0.3670000000000001	-0.027000000000000003	0.961	-0.332	-0.016	0.965	-0.313	-0.012	0.969	-0.305	0.0	0.973	-0.301
-0.016	0.965	-0.309	-0.016	0.965	-0.309	-0.013999999999999999	0.965	-0.309	0.023	0.969	-0.289	0.027000000000000003	0.973	-0.285
-0.008	0.965	-0.301	0.008	0.969	-0.289	0.016	0.973	-0.277	0.051	0.977	-0.266	0.059	0.98	-0.258
0.004	0.977	-0.266	0.012	0.977	-0.258	0.02	0.98	-0.254	0.023	0.98	-0.25	0.027000000000000003	0.984	-0.246
0.023	0.973	-0.273	0.031	0.977	-0.258	0.047	0.98	-0.254	0.051	0.984	-0.234	0.051	0.988	-0.223
0.04260000000000002	0.969	-0.266	0.051	0.969	-0.262	0.051	0.969	-0.262	0.051	0.977	-0.262	0.051	0.98	-0.254
0.051	0.969	-0.262	0.051	0.969	-0.262	0.051	0.969	-0.262	0.051	0.969	-0.262	0.051	0.969	-0.262
0.051	0.969	-0.262	0.051	0.969	-0.262	0.051	0.969	-0.262	0.051	0.969	-0.262	0.051	0.969	-0.262
0.012	0.965	-0.309	0.023	0.969	-0.289	0.031	0.973	-0.285	0.031	0.973	-0.285	0.031	0.973	-0.281
0.023	0.973	-0.285	0.031	0.973	-0.285	0.031	0.973	-0.285	0.063	0.977	-0.25	0.07	0.98	-0.246
0.031	0.973	-0.277	0.035	0.973	-0.277	0.039	0.973	-0.277	0.039	0.973	-0.27	0.039	0.977	-0.266
0.039	0.973	-0.277	0.039	0.973	-0.277	0.039	0.973	-0.277	0.039	0.973	-0.277	0.039	0.973	-0.277
0.039	0.973	-0.277	0.039	0.973	-0.277	0.039	0.973	-0.277	0.039	0.973	-0.277	0.039	0.973	-0.277
0.039	0.973	-0.277	0.039	0.973	-0.277	0.039	0.973	-0.277	0.039	0.973	-0.277	0.039	0.973	-0.277
0.039	0.973	-0.277	0.039	0.973	-0.277	0.039	0.973	-0.277	0.039	0.973	-0.277	0.039	0.973	-0.277
0.07400000000000001	0.969	-0.27	0.08199999999999999	0.969	-0.266	0.086	0.973	-0.262	0.086	0.977	-0.262	0.086	0.977	-0.258
0.086	0.973	-0.262	0.086	0.977	-0.262	0.086	0.977	-0.262	0.09	0.977	-0.246	0.117	0.98	-0.211
0.09	0.973	-0.246	0.09	0.977	-0.246	0.09	0.977	-0.246	0.09	0.977	-0.246	0.09	0.977	-0.246
-0.004	0.926	-0.35200000000000004	0.055	0.934	-0.301	0.305	0.941	-0.172	0.332	0.961	-0.098	0.34	0.973	-0.086
0.324	0.93	-0.078	0.328	0.934	-0.07400000000000001	0.332	0.934	-0.063	0.336	0.938	-0.047	0.344	0.941	-0.043
0.313	0.93	-0.13699999999999998	0.32	0.93	-0.063	0.32	0.938	-0.047	0.328	0.941	-0.047	0.328	0.945	-0.043
0.301	0.93	-0.184	0.309	0.934	-0.152	0.32	0.938	-0.066	0.32	0.938	-0.047	0.32	0.949	-0.047
0.305	0.93	-0.17600000000000002	0.313	0.934	-0.145	0.32	0.938	-0.055	0.328	0.941	-0.043	0.332	0.949	-0.027000000000000003
0.305	0.934	-0.117	0.313	0.938	-0.08199999999999999	0.316	0.941	-0.051	0.32	0.945	-0.043	0.328	0.949	-0.039
0.316	0.938	-0.043	0.32	0.941	-0.043	0.32	0.945	-0.043	0.32	0.945	-0.031	0.32	0.945	-0.027000000000000003
0.305	0.938	-0.055399999999999984	0.309	0.941	-0.043	0.316	0.941	-0.027000000000000003	0.316	0.945	-0.027000000000000003	0.32	0.953	-0.012
0.051	0.941	-0.324	0.066	0.957	-0.316	0.09	0.961	-0.301	0.109	0.965	-0.285	0.313	0.969	-0.05059999999999945
-0.281	0.941	-0.313	-0.05775	0.961	-0.313	0.098	0.961	-0.313	0.098	0.969	-0.188	0.113	0.996	-0.113
-0.246	0.785	-0.395	-0.199	0.898	-0.34	-0.152	0.977	-0.262	-0.102	1.035	-0.18	-0.055	1.102	-0.125
-0.25	0.7659999999999999	-0.43	-0.195	0.887	-0.371	-0.152	0.973	-0.289	-0.102	1.035	-0.188	-0.059	1.117	-0.125
-0.2504	0.773	-0.438	-0.195	0.8859999999999999	-0.379	-0.145	0.965	-0.313	-0.109	1.031	-0.207	-0.066	1.109	-0.13699999999999998
-0.2544	0.789	-0.438	-0.195	0.902	-0.371	-0.145	0.977	-0.254	-0.086	1.027	-0.14800000000000002	-0.035	1.094	-0.066
0.02	0.945	-0.35200000000000004	0.039	0.953	-0.336	0.07	0.961	-0.309	0.094	0.969	-0.289	0.133	0.977	-0.273
0.039	0.93	-0.371	0.063	0.941	-0.363	0.08199999999999999	0.945	-0.363	0.08199999999999999	0.949	-0.35200000000000004	0.094	0.961	-0.277
0.08199999999999999	0.816	-0.363	0.08199999999999999	0.84	-0.363	0.328	0.93	-0.238	0.504	0.945	-0.113	0.5429999999999999	0.945	0.043
0.547	0.785	0.117	0.555	0.789	0.129	0.5660000000000001	0.789	0.133	0.57	0.797	0.13699999999999998	0.57	0.8009999999999999	0.16
0.57	0.789	0.133	0.57	0.789	0.133	0.57	0.789	0.133	0.57	0.789	0.133	0.57	0.789	0.133
0.57	0.789	0.133	0.57	0.789	0.133	0.57	0.789	0.133	0.57	0.789	0.133	0.57	0.789	0.133
0.5660000000000001	0.785	0.129	0.57	0.785	0.133	0.57	0.789	0.133	0.57	0.789	0.133	0.57	0.7929999999999999	0.133
0.563	0.785	0.117	0.57	0.785	0.129	0.57	0.785	0.133	0.57	0.789	0.133	0.57	0.7929999999999999	0.133
0.57	0.7929999999999999	0.129	0.57	0.7929999999999999	0.129	0.57	0.7929999999999999	0.129	0.57	0.7929999999999999	0.129	0.57	0.7929999999999999	0.129
0.508	0.813	-0.121	0.52	0.82	-0.047	0.531	0.828	0.008	0.539	0.836	0.063	0.5429999999999999	0.848	0.07400000000000001
0.539	0.82	0.07	0.539	0.8240000000000001	0.07	0.539	0.8240000000000001	0.07	0.539	0.8240000000000001	0.07	0.5429999999999999	0.8240000000000001	0.07
0.539	0.8240000000000001	0.07	0.539	0.8240000000000001	0.07	0.539	0.8240000000000001	0.07	0.539	0.8240000000000001	0.07	0.539	0.8240000000000001	0.07
0.523	0.8240000000000001	0.08199999999999999	0.527	0.8240000000000001	0.086	0.527	0.8240000000000001	0.09	0.527	0.8240000000000001	0.09	0.527	0.8320000000000001	0.09
0.055	0.8240000000000001	-0.32	0.063	0.8240000000000001	-0.313	0.07	0.961	-0.2715	0.527	0.965	0.09	0.527	0.973	0.09
0.078	0.8320000000000001	-0.316	0.16	0.836	-0.316	0.508	0.84	0.055	0.512	0.949	0.059	0.512	0.965	0.098
0.195	0.848	-0.246	0.215	0.949	-0.227	0.227	0.953	-0.219	0.238	0.957	-0.211	0.508	0.965	0.024600000000002186
0.117	0.918	-0.359	0.145	0.93	-0.35200000000000004	0.211	0.938	-0.32	0.234	0.949	-0.281	0.254	0.957	-0.234
0.086	0.934	-0.375	0.09	0.938	-0.3670000000000001	0.09	0.938	-0.363	0.09	0.938	-0.363	0.09	0.941	-0.363
0.09	0.938	-0.363	0.09	0.938	-0.363	0.113	0.945	-0.348	0.121	0.945	-0.344	0.121	0.949	-0.344
0.121	0.945	-0.344	0.121	0.945	-0.344	0.121	0.945	-0.344	0.121	0.945	-0.344	0.121	0.945	-0.344
0.086	0.934	-0.371	0.09	0.934	-0.3670000000000001	0.09	0.938	-0.3670000000000001	0.121	0.945	-0.344	0.16399999999999998	0.945	-0.324
0.105	0.945	-0.35200000000000004	0.113	0.945	-0.35200000000000004	0.113	0.949	-0.34	0.14800000000000002	0.953	-0.32	0.16399999999999998	0.953	-0.32
0.113	0.934	-0.3670000000000001	0.113	0.934	-0.3670000000000001	0.125	0.934	-0.363	0.133	0.945	-0.35200000000000004	0.14140000000000053	0.945	-0.35200000000000004
0.08560000000000001	0.9056	-0.4382999999999999	0.125	0.922	-0.395	0.125	0.926	-0.395	0.125	0.934	-0.3670000000000001	0.129	0.934	-0.3670000000000001
0.125	0.922	-0.395	0.125	0.922	-0.395	0.125	0.922	-0.395	0.125	0.922	-0.395	0.125	0.922	-0.395
0.125	0.922	-0.395	0.125	0.922	-0.395	0.125	0.922	-0.395	0.125	0.922	-0.395	0.125	0.922	-0.395
0.125	0.922	-0.395	0.125	0.922	-0.395	0.125	0.922	-0.395	0.125	0.922	-0.395	0.125	0.922	-0.395
0.125	0.8240000000000001	-0.395	0.16399999999999998	0.836	-0.35200000000000004	0.496	0.848	-0.152	0.512	0.922	-0.113	0.527	0.934	-0.08199999999999999
0.414	0.84	-0.285	0.469	0.84	-0.17600000000000002	0.4920000000000001	0.848	-0.11900000000000001	0.504	0.855	-0.098	0.508	0.867	-0.078
0.156	0.809	-0.332	0.23	0.813	-0.293	0.477	0.855	-0.098	0.551	0.91	-0.012	0.5589999999999999	0.945	-0.004
0.551	0.805	-0.008	0.555	0.805	-0.008	0.555	0.809	-0.004	0.5589999999999999	0.813	0.004	0.5589999999999999	0.816	0.023
0.5589999999999999	0.813	0.0	0.5589999999999999	0.813	0.0	0.5589999999999999	0.813	0.0	0.5589999999999999	0.813	0.0	0.5589999999999999	0.813	0.0
0.5589999999999999	0.813	0.0	0.5589999999999999	0.813	0.0	0.5589999999999999	0.813	0.0	0.5589999999999999	0.813	0.0	0.5589999999999999	0.813	0.0
0.5589999999999999	0.813	0.0	0.5589999999999999	0.813	0.0	0.5589999999999999	0.813	0.0	0.5589999999999999	0.813	0.0	0.5589999999999999	0.813	0.0
0.5589999999999999	0.813	0.0	0.5589999999999999	0.813	0.0	0.5589999999999999	0.813	0.0	0.5589999999999999	0.813	0.0	0.5589999999999999	0.813	0.0
0.5589999999999999	0.813	0.0	0.5589999999999999	0.813	0.0	0.5589999999999999	0.813	0.0	0.5589999999999999	0.813	0.0	0.5589999999999999	0.813	0.0
0.5589999999999999	0.8009999999999999	0.0	0.5589999999999999	0.8009999999999999	0.0	0.5589999999999999	0.805	0.027000000000000003	0.563	0.813	0.039	0.563	0.813	0.051
0.563	0.8009999999999999	0.039	0.563	0.8009999999999999	0.039	0.563	0.8009999999999999	0.039	0.563	0.8009999999999999	0.039	0.563	0.8009999999999999	0.039
0.563	0.8009999999999999	0.039	0.563	0.8009999999999999	0.039	0.563	0.8009999999999999	0.039	0.563	0.8009999999999999	0.039	0.563	0.8009999999999999	0.039
0.563	0.8009999999999999	0.039	0.563	0.8009999999999999	0.039	0.563	0.8009999999999999	0.039	0.563	0.8009999999999999	0.039	0.563	0.8009999999999999	0.039
0.563	0.8009999999999999	0.039	0.563	0.8009999999999999	0.039	0.563	0.8009999999999999	0.039	0.563	0.8009999999999999	0.039	0.563	0.8009999999999999	0.039
0.563	0.8009999999999999	0.039	0.563	0.8009999999999999	0.039	0.563	0.8009999999999999	0.039	0.563	0.8009999999999999	0.039	0.563	0.8009999999999999	0.039
0.563	0.8009999999999999	0.039	0.563	0.8009999999999999	0.039	0.563	0.8009999999999999	0.039	0.563	0.8009999999999999	0.039	0.563	0.8009999999999999	0.039
0.547	0.813	-0.004	0.551	0.813	0.004	0.555	0.813	0.004	0.555	0.816	0.004	0.555	0.82	0.008
0.555	0.813	0.004	0.555	0.813	0.004	0.555	0.813	0.004	0.555	0.813	0.004	0.555	0.813	0.004
0.555	0.813	0.004	0.555	0.813	0.004	0.555	0.813	0.004	0.555	0.813	0.004	0.555	0.813	0.004
0.555	0.813	0.004	0.555	0.813	0.004	0.555	0.813	0.004	0.555	0.813	0.004	0.555	0.813	0.004
0.5429999999999999	0.813	0.004	0.5429999999999999	0.813	0.004	0.5429999999999999	0.816	0.055	0.555	0.82	0.059	0.555	0.82	0.059
0.527	0.82	0.08199999999999999	0.527	0.82	0.09	0.527	0.82	0.098	0.531	0.8240000000000001	0.098	0.535	0.828	0.098
0.047	0.82	-0.18	0.08199999999999999	0.82	-0.16	0.527	0.82	0.098	0.527	0.988	0.098	0.527	0.9964000000000004	0.125
0.102	0.82	-0.16399999999999998	0.52	0.8240000000000001	0.09	0.523	0.8240000000000001	0.105	0.527	0.828	0.105	0.531	0.988	0.113
0.523	0.8240000000000001	0.105	0.523	0.8240000000000001	0.105	0.523	0.8240000000000001	0.105	0.523	0.8240000000000001	0.105	0.523	0.8240000000000001	0.105
0.52	0.816	0.105	0.523	0.82	0.125	0.523	0.82	0.129	0.523	0.8240000000000001	0.129	0.527	0.8240000000000001	0.145
0.523	0.82	0.129	0.523	0.82	0.129	0.523	0.82	0.129	0.523	0.82	0.129	0.523	0.82	0.129
0.52	0.813	0.121	0.523	0.813	0.129	0.523	0.82	0.141	0.527	0.82	0.152	0.531	0.828	0.156
0.527	0.813	0.16	0.527	0.813	0.16	0.527	0.813	0.16	0.527	0.813	0.16	0.527	0.813	0.16
0.527	0.813	0.16	0.527	0.813	0.16	0.527	0.813	0.16	0.527	0.813	0.16	0.527	0.813	0.16
0.527	0.813	0.16	0.527	0.813	0.16	0.527	0.813	0.16	0.527	0.813	0.16	0.527	0.813	0.16
0.527	0.813	0.16	0.527	0.813	0.16	0.527	0.813	0.16	0.527	0.813	0.16	0.527	0.813	0.16
0.527	0.813	0.16	0.527	0.813	0.16	0.527	0.813	0.16	0.527	0.813	0.16	0.527	0.813	0.16
0.527	0.813	0.16	0.527	0.813	0.16	0.527	0.813	0.16	0.527	0.813	0.16	0.527	0.813	0.16
0.527	0.813	0.16	0.527	0.813	0.16	0.527	0.813	0.16	0.527	0.813	0.16	0.527	0.813	0.16
0.52	0.813	0.133	0.527	0.813	0.141	0.527	0.813	0.16	0.527	0.816	0.16	0.527	0.8240000000000001	0.16
0.523	0.816	0.13699999999999998	0.523	0.816	0.13699999999999998	0.523	0.816	0.13699999999999998	0.523	0.816	0.13699999999999998	0.523	0.816	0.13699999999999998
0.523	0.816	0.13699999999999998	0.523	0.816	0.13699999999999998	0.523	0.816	0.13699999999999998	0.523	0.816	0.13699999999999998	0.523	0.816	0.13699999999999998
0.523	0.816	0.13699999999999998	0.523	0.816	0.13699999999999998	0.523	0.816	0.13699999999999998	0.523	0.816	0.13699999999999998	0.523	0.816	0.13699999999999998
0.523	0.816	0.13699999999999998	0.523	0.816	0.13699999999999998	0.523	0.816	0.13699999999999998	0.523	0.816	0.13699999999999998	0.523	0.816	0.13699999999999998
0.523	0.816	0.13699999999999998	0.523	0.816	0.13699999999999998	0.523	0.816	0.13699999999999998	0.523	0.816	0.13699999999999998	0.523	0.816	0.13699999999999998
0.523	0.816	0.13699999999999998	0.523	0.816	0.13699999999999998	0.523	0.816	0.13699999999999998	0.523	0.816	0.13699999999999998	0.523	0.816	0.13699999999999998
0.523	0.816	0.13699999999999998	0.523	0.816	0.13699999999999998	0.523	0.816	0.13699999999999998	0.523	0.816	0.13699999999999998	0.523	0.816	0.13699999999999998
0.051	0.816	-0.113	0.055	0.816	-0.109	0.063	1.0	-0.102	0.523	1.0	0.13699999999999998	0.523	1.004	0.13699999999999998
0.063	0.8240000000000001	-0.113	0.063	0.828	-0.113	0.129	0.992	-0.113	0.531	1.0	0.051	0.535	1.0	0.055
0.531	0.8320000000000001	0.055	0.531	0.8320000000000001	0.055	0.531	0.8320000000000001	0.055	0.531	0.8320000000000001	0.055	0.531	0.8320000000000001	0.055
0.531	0.8320000000000001	0.055	0.531	0.8320000000000001	0.055	0.531	0.8320000000000001	0.055	0.531	0.8320000000000001	0.055	0.531	0.8320000000000001	0.055
0.531	0.8320000000000001	0.055	0.531	0.8320000000000001	0.055	0.531	0.8320000000000001	0.055	0.531	0.8320000000000001	0.055	0.531	0.8320000000000001	0.055
0.531	0.8320000000000001	0.055	0.531	0.8320000000000001	0.055	0.531	0.8320000000000001	0.055	0.531	0.8320000000000001	0.055	0.531	0.8320000000000001	0.055
0.531	0.828	0.031	0.531	0.8320000000000001	0.043	0.531	0.8320000000000001	0.055	0.531	0.8320000000000001	0.055	0.531	0.8320000000000001	0.055
0.52	0.828	0.035	0.527	0.8320000000000001	0.039	0.531	0.8320000000000001	0.043	0.531	0.8320000000000001	0.043	0.531	0.836	0.043
0.531	0.8320000000000001	0.043	0.531	0.8320000000000001	0.043	0.531	0.8320000000000001	0.043	0.531	0.8320000000000001	0.043	0.531	0.8320000000000001	0.043
0.531	0.8320000000000001	0.043	0.531	0.8320000000000001	0.043	0.531	0.8320000000000001	0.043	0.531	0.8320000000000001	0.043	0.531	0.8320000000000001	0.043
0.531	0.8320000000000001	0.043	0.531	0.8320000000000001	0.043	0.531	0.8320000000000001	0.043	0.531	0.8320000000000001	0.043	0.531	0.8320000000000001	0.043
0.531	0.8320000000000001	0.043	0.531	0.8320000000000001	0.043	0.531	0.8320000000000001	0.043	0.531	0.8320000000000001	0.043	0.531	0.8320000000000001	0.043
0.531	0.8320000000000001	0.043	0.531	0.8320000000000001	0.043	0.531	0.8320000000000001	0.043	0.531	0.8320000000000001	0.043	0.531	0.8320000000000001	0.043
0.531	0.8320000000000001	0.043	0.531	0.8320000000000001	0.043	0.531	0.8320000000000001	0.043	0.531	0.8320000000000001	0.043	0.531	0.8320000000000001	0.043
0.531	0.8320000000000001	0.043	0.531	0.8320000000000001	0.043	0.531	0.8320000000000001	0.043	0.531	0.8320000000000001	0.043	0.531	0.8320000000000001	0.043
0.52	0.82	0.043	0.527	0.82	0.055	0.535	0.8240000000000001	0.059	0.539	0.8320000000000001	0.063	0.539	0.836	0.08199999999999999
0.535	0.8240000000000001	0.051	0.535	0.828	0.051	0.535	0.828	0.051	0.535	0.828	0.051	0.539	0.828	0.055
0.535	0.828	0.051	0.535	0.828	0.051	0.535	0.828	0.051	0.535	0.828	0.051	0.535	0.828	0.051
0.535	0.828	0.051	0.535	0.828	0.051	0.535	0.828	0.051	0.535	0.828	0.051	0.535	0.828	0.051
0.535	0.828	0.051	0.535	0.828	0.051	0.535	0.828	0.051	0.535	0.828	0.051	0.535	0.828	0.051
0.535	0.828	0.051	0.535	0.828	0.051	0.535	0.828	0.051	0.535	0.828	0.051	0.535	0.828	0.051
0.535	0.828	0.051	0.535	0.828	0.051	0.535	0.828	0.051	0.535	0.828	0.051	0.535	0.828	0.051
0.535	0.828	0.051	0.535	0.828	0.051	0.535	0.828	0.051	0.535	0.828	0.051	0.535	0.828	0.051
0.535	0.828	0.051	0.535	0.828	0.051	0.535	0.828	0.051	0.535	0.828	0.051	0.535	0.828	0.051
0.535	0.828	0.051	0.535	0.828	0.051	0.535	0.828	0.051	0.535	0.828	0.051	0.535	0.828	0.051
0.535	0.828	0.051	0.535	0.828	0.051	0.535	0.828	0.051	0.535	0.828	0.051	0.535	0.828	0.051
0.516	0.828	0.051	0.52	0.828	0.051	0.523	0.828	0.07	0.535	0.8320000000000001	0.08199999999999999	0.535	0.836	0.094
0.52	0.8320000000000001	0.07400000000000001	0.52	0.8320000000000001	0.07400000000000001	0.52	0.8320000000000001	0.07400000000000001	0.52	0.8320000000000001	0.07400000000000001	0.52	0.8320000000000001	0.07400000000000001
0.52	0.8320000000000001	0.07400000000000001	0.52	0.8320000000000001	0.07400000000000001	0.52	0.8320000000000001	0.07400000000000001	0.52	0.8320000000000001	0.07400000000000001	0.52	0.8320000000000001	0.07400000000000001
0.52	0.8320000000000001	0.07400000000000001	0.52	0.8320000000000001	0.07400000000000001	0.52	0.8320000000000001	0.07400000000000001	0.52	0.8320000000000001	0.07400000000000001	0.52	0.8320000000000001	0.07400000000000001
0.52	0.8320000000000001	0.07400000000000001	0.52	0.8320000000000001	0.07400000000000001	0.52	0.8320000000000001	0.07400000000000001	0.52	0.8320000000000001	0.07400000000000001	0.52	0.8320000000000001	0.07400000000000001
0.5	0.8240000000000001	0.078	0.504	0.8320000000000001	0.094	0.508	0.836	0.094	0.508	0.84	0.102	0.52	0.84	0.109
0.4920000000000001	0.828	0.094	0.496	0.836	0.094	0.508	0.84	0.094	0.508	0.84	0.14800000000000002	0.508	0.84	0.18
0.008	0.91	-0.438	0.012	0.918	-0.426	0.023	0.93	-0.41	0.078	0.934	-0.402	0.08640000000000055	0.941	-0.391
0.086	0.8320000000000001	-0.43	0.109	0.84	-0.387	0.121	0.918	-0.359	0.508	0.934	-0.152	0.512	0.938	-0.121
0.516	0.816	-0.109	0.527	0.8240000000000001	-0.105	0.535	0.828	-0.094	0.535	0.8320000000000001	-0.086	0.535	0.836	-0.051
0.535	0.828	-0.086	0.535	0.828	-0.08199999999999999	0.535	0.828	-0.08199999999999999	0.535	0.828	-0.08199999999999999	0.535	0.828	-0.08199999999999999
0.535	0.828	-0.08199999999999999	0.535	0.828	-0.08199999999999999	0.535	0.828	-0.08199999999999999	0.535	0.828	-0.08199999999999999	0.535	0.828	-0.08199999999999999
0.516	0.8240000000000001	-0.145	0.523	0.828	-0.121	0.527	0.828	-0.117	0.535	0.828	-0.08199999999999999	0.535	0.8320000000000001	-0.08199999999999999
0.52	0.828	-0.117	0.52	0.828	-0.117	0.52	0.828	-0.117	0.52	0.828	-0.117	0.52	0.828	-0.117
0.52	0.828	-0.117	0.52	0.828	-0.117	0.52	0.828	-0.117	0.52	0.828	-0.117	0.523	0.836	-0.07400000000000001
0.527	0.828	-0.098	0.531	0.828	-0.098	0.531	0.828	-0.098	0.531	0.828	-0.094	0.531	0.8320000000000001	-0.086
0.531	0.82	-0.113	0.535	0.828	-0.105	0.535	0.828	-0.102	0.535	0.828	-0.102	0.539	0.828	-0.098
0.211	0.828	-0.2664	0.508	0.828	-0.14800000000000002	0.535	0.828	-0.102	0.535	0.836	-0.102	0.535	0.941	-0.102
0.539	0.816	-0.125	0.539	0.82	-0.125	0.539	0.82	-0.125	0.5429999999999999	0.82	-0.121	0.5429999999999999	0.82	-0.113
0.539	0.82	-0.125	0.539	0.82	-0.125	0.539	0.82	-0.125	0.539	0.82	-0.125	0.539	0.82	-0.125
0.539	0.816	-0.125	0.539	0.816	-0.125	0.5429999999999999	0.82	-0.117	0.547	0.82	-0.117	0.547	0.82	-0.117
0.547	0.82	-0.117	0.547	0.82	-0.117	0.547	0.82	-0.117	0.547	0.82	-0.117	0.547	0.82	-0.117
0.539	0.813	-0.145	0.539	0.816	-0.13699999999999998	0.5429999999999999	0.82	-0.133	0.547	0.82	-0.117	0.547	0.82	-0.117
0.539	0.82	-0.13699999999999998	0.539	0.82	-0.13699999999999998	0.539	0.82	-0.13699999999999998	0.539	0.82	-0.13699999999999998	0.539	0.82	-0.13699999999999998
0.535	0.816	-0.13699999999999998	0.535	0.82	-0.13699999999999998	0.539	0.82	-0.105	0.5429999999999999	0.8240000000000001	-0.078	0.5429999999999999	0.8240000000000001	-0.078
0.5429999999999999	0.813	-0.117	0.5429999999999999	0.813	-0.117	0.5429999999999999	0.813	-0.117	0.5429999999999999	0.813	-0.117	0.547	0.813	-0.117
0.5429999999999999	0.813	-0.117	0.5429999999999999	0.813	-0.117	0.5429999999999999	0.813	-0.117	0.5429999999999999	0.813	-0.117	0.5429999999999999	0.813	-0.117
0.5429999999999999	0.813	-0.117	0.5429999999999999	0.813	-0.117	0.5429999999999999	0.813	-0.117	0.5429999999999999	0.813	-0.117	0.5429999999999999	0.813	-0.117
0.051	0.813	-0.379	0.059	0.813	-0.3670000000000001	0.5429999999999999	0.813	-0.117	0.5429999999999999	0.941	-0.117	0.5429999999999999	0.949	-0.117
0.035	0.816	-0.414	0.047	0.855	-0.41	0.063	0.93	-0.383	0.461	0.938	-0.32299999999999995	0.523	0.945	-0.203
0.14800000000000002	0.82	-0.445	0.4920000000000001	0.8240000000000001	-0.121	0.508	0.84	-0.07999999999999999	0.5429999999999999	0.852	-0.012	0.547	0.871	0.008
0.484	0.8440000000000001	-0.102	0.4920000000000001	0.848	-0.102	0.4920000000000001	0.848	-0.086	0.496	0.852	-0.078	0.504	0.855	-0.07
0.48	0.8440000000000001	-0.09	0.484	0.848	-0.08199999999999999	0.488	0.852	-0.059	0.496	0.855	-0.043	0.5	0.863	-0.027000000000000003
0.223	0.805	-0.328	0.477	0.809	-0.055999999999999994	0.555	0.809	0.023	0.555	0.8590000000000001	0.031	0.5589999999999999	0.895	0.035
0.555	0.809	0.031	0.555	0.809	0.031	0.555	0.809	0.031	0.555	0.809	0.031	0.555	0.809	0.031
0.555	0.809	0.031	0.555	0.809	0.031	0.555	0.809	0.031	0.555	0.809	0.031	0.555	0.809	0.031
0.555	0.809	0.031	0.555	0.809	0.031	0.555	0.809	0.031	0.555	0.809	0.031	0.555	0.809	0.031
0.555	0.809	0.031	0.555	0.809	0.031	0.555	0.809	0.031	0.555	0.809	0.031	0.555	0.809	0.031
0.555	0.809	0.031	0.555	0.809	0.031	0.555	0.809	0.031	0.555	0.809	0.031	0.555	0.809	0.031
0.555	0.809	0.031	0.555	0.809	0.031	0.555	0.809	0.031	0.555	0.809	0.031	0.555	0.809	0.031
0.547	0.797	-0.051	0.555	0.797	-0.004	0.555	0.809	0.0	0.578	0.809	0.031	0.578	0.813	0.031
0.5660000000000001	0.797	0.0	0.574	0.797	0.027000000000000003	0.578	0.797	0.039	0.578	0.8009999999999999	0.039	0.578	0.8009999999999999	0.039
0.0	0.797	-0.422	0.016	0.922	-0.418	0.043	0.93	-0.406	0.063	0.934	-0.363	0.578	0.945	0.039
0.055	0.926	-0.414	0.059	0.93	-0.406	0.08199999999999999	0.934	-0.391	0.102	0.941	-0.363	0.129	0.949	-0.328
0.078	0.934	-0.391	0.086	0.934	-0.383	0.096	0.938	-0.371	0.109	0.938	-0.371	0.109	0.941	-0.363
0.109	0.902	-0.4344	0.121	0.922	-0.395	0.125	0.93	-0.387	0.13699999999999998	0.938	-0.371	0.211	0.941	-0.281
0.10160000000000002	0.8320000000000001	-0.316	0.191	0.84	-0.301	0.219	0.934	-0.16399999999999998	0.504	0.945	-0.078	0.527	0.98	-0.039
-0.332	0.938	-0.246	-0.25	0.965	-0.191	-0.15000000000000002	0.992	-0.117	0.017	1.008	-0.07	0.063	1.02	0.078
-0.387	0.8909999999999999	-0.293	-0.34	0.941	-0.242	-0.23	0.965	-0.199	-0.184	0.984	-0.133	-0.156	1.016	-0.113
-0.266	0.797	-0.371	-0.199	0.918	-0.316	-0.152	0.98	-0.215	-0.105	1.047	-0.129	-0.055	1.109	-0.07
-0.203	0.914	-0.34	-0.16399999999999998	0.965	-0.285	-0.14300000000000002	0.98	-0.227	-0.109	0.996	-0.195	-0.078	1.043	-0.129
-0.1604	0.961	-0.297	-0.117	0.969	-0.289	-0.113	0.973	-0.285	-0.098	0.977	-0.266	-0.059	1.0	-0.20659999999999945
-0.117	0.965	-0.293	-0.113	0.973	-0.285	-0.102	0.977	-0.258	-0.086	0.988	-0.25	-0.066	0.996	-0.219
-0.184	0.938	-0.344	-0.14800000000000002	0.965	-0.289	-0.098	0.988	-0.223	-0.059	1.004	-0.156	-0.012	1.023	-0.008
-0.25	0.8009999999999999	-0.402	-0.17600000000000002	0.906	-0.344	-0.109	0.984	-0.227	-0.07400000000000001	1.039	-0.16	-0.031	1.1023000000000005	-0.098
-0.273	0.7809999999999999	-0.418	-0.191	0.875	-0.371	-0.141	0.977	-0.254	-0.098	1.055	-0.145	-0.059	1.1174000000000006	-0.102
-0.2544	0.777	-0.4184	-0.191	0.8859999999999999	-0.3680000000000001	-0.141	0.977	-0.227	-0.09	1.0590000000000002	-0.121	-0.051	1.125	-0.063
-0.4574	0.8547	-0.289	-0.289	0.922	-0.211	-0.102	1.0	-0.125	-0.051	1.008	-0.113	-0.039	1.0514000000000006	-0.039
-0.039	0.988	-0.207	-0.027000000000000003	0.992	-0.199	-0.016	0.996	-0.188	-0.004	1.0	-0.172	0.012	1.008	-0.141
-0.3674	0.941	-0.199	-0.18	0.98	-0.16899999999999998	-0.09	0.996	-0.129	-0.016	1.012	-0.08900000000000001	0.004	1.023	-0.031
-0.5824	0.813	-0.227	-0.293	0.938	-0.191	-0.121	0.98	-0.16	-0.043	1.008	-0.133	0.023	1.039	-0.098
-0.691	0.7190000000000001	-0.426	-0.645	0.7659999999999999	-0.258	-0.551	0.82	-0.211	-0.191	0.941	-0.172	-0.06569999999999959	1.008	-0.141
-0.125	0.914	-0.305	-0.07400000000000001	0.969	-0.234	-0.035	0.996	-0.17600000000000002	0.004	1.02	-0.133	0.043	1.0590000000000002	-0.086
-0.445	0.8590000000000001	-0.246	-0.414	0.922	-0.121	-0.375	0.945	-0.066	-0.297	0.973	-0.02	-0.152	1.027	0.203
-0.508	0.8009999999999999	-0.301	-0.473	0.871	-0.238	-0.41	0.93	-0.13699999999999998	-0.344	0.969	-0.039	-0.301	1.016	0.063
-0.504	0.875	-0.18	-0.4920000000000001	0.887	-0.152	-0.461	0.902	-0.141	-0.402	0.941	-0.113	-0.363	0.973	-0.043
-0.5	0.8009999999999999	-0.336	-0.426	0.887	-0.212	-0.363	0.945	-0.117	-0.324	0.988	-0.035	-0.285	1.047	0.047
-0.523	0.746	-0.344	-0.426	0.848	-0.266	-0.348	0.934	-0.12300000000000001	-0.301	1.031	0.0	-0.266	1.1054000000000006	0.07400000000000001
-0.508	0.762	-0.344	-0.414	0.852	-0.273	-0.344	0.934	-0.129	-0.289	1.027	-0.004	-0.254	1.1134000000000006	0.07
-0.488	0.785	-0.336	-0.43	0.863	-0.27	-0.359	0.93	-0.113	-0.309	1.016	0.02	-0.27	1.086	0.102
