TenPct_AGthighX	TenPct_AGthighY	TenPct_AGthighZ	TwentyFivePct_AGthighX	TwentyFivePct_AGthighY	TwentyFivePct_AGthighZ	FiftyPct_AGthighX	FiftyPct_AGthighY	FiftyPct_AGthighZ	SeventyFivePct_AGthighX	SeventyFivePct_AGthighY	SeventyFivePct_AGthighZ	NinetyPct_AGthighX	NinetyPct_AGthighY	NinetyPct_AGthighZ
-0.3324	0.789	-0.383	-0.277	0.887	-0.328	-0.211	0.973	-0.227	-0.152	1.055	-0.102	-0.102	1.109	-0.043
-0.348	0.785	-0.371	-0.273	0.8909999999999999	-0.324	-0.207	0.973	-0.219	-0.145	1.0590000000000002	-0.086	-0.094	1.117	-0.039
-0.344	0.7809999999999999	-0.391	-0.266	0.883	-0.348	-0.203	0.973	-0.234	-0.141	1.056	-0.094	-0.09	1.121	-0.051
-0.348	0.8236000000000001	-0.383	-0.332	0.918	-0.305	-0.246	0.945	-0.25	-0.16399999999999998	1.02	-0.14800000000000002	-0.113	1.098	-0.063
-0.313	0.8009999999999999	-0.387	-0.258	0.902	-0.328	-0.203	0.973	-0.223	-0.14800000000000002	1.043	-0.094	-0.094	1.102	-0.039
-0.281	0.855	-0.363	-0.22775	0.945	-0.27	-0.168	0.992	-0.203	-0.129	1.016	-0.145	-0.102	1.082	-0.059
-0.184	0.977	-0.242	-0.14800000000000002	0.992	-0.18	-0.13699999999999998	0.996	-0.172	-0.129	1.0	-0.16	-0.121	1.004	-0.14800000000000002
-0.2664	0.914	-0.301	-0.203	0.965	-0.254	-0.141	0.996	-0.16399999999999998	-0.129	1.0	-0.141	-0.121	1.008	-0.13699999999999998
-0.258	0.883	-0.344	-0.18	0.961	-0.301	-0.145	0.969	-0.285	-0.125	0.98	-0.25	-0.102	1.051	-0.09759999999999944
-0.35200000000000004	0.7766000000000001	-0.387	-0.258	0.883	-0.344	-0.18	0.973	-0.238	-0.129	1.051	-0.117	-0.09	1.121	-0.06959999999999945
-0.301	0.8356	-0.371	-0.246	0.925	-0.309	-0.191	0.98	-0.223	-0.152	1.027	-0.141	-0.10859999999999943	1.086	-0.063
-0.293	0.922	-0.30939999999999995	-0.258	0.965	-0.223	-0.207	0.984	-0.18	-0.191	0.996	-0.16	-0.145	1.027	-0.117
-0.242	0.973	-0.199	-0.203	0.988	-0.16399999999999998	-0.203	0.996	-0.16	-0.199	0.996	-0.16	-0.191	0.996	-0.156
-0.195	0.984	-0.168	-0.195	0.984	-0.168	-0.145	1.0	-0.145	-0.13699999999999998	1.0	-0.133	-0.129	1.004	-0.129
-0.637	0.75	-0.418	-0.496	0.8320000000000001	-0.242	-0.215	0.945	-0.16399999999999998	-0.141	0.996	-0.102	0.242	1.004	0.063
0.1876	0.82	-0.363	0.277	0.8590000000000001	-0.133	0.355	0.902	-0.035	0.469	0.953	0.008	0.496	0.992	0.047
0.309	0.887	-0.223	0.348	0.898	-0.215	0.363	0.906	-0.195	0.375	0.922	-0.16	0.398	0.938	-0.12059999999999944
0.355	0.8909999999999999	-0.195	0.363	0.898	-0.184	0.371	0.906	-0.17600000000000002	0.383	0.914	-0.16	0.395	0.922	-0.152
0.35200000000000004	0.895	-0.199	0.363	0.898	-0.195	0.371	0.906	-0.188	0.375	0.914	-0.184	0.387	0.922	-0.18
0.383	0.875	-0.16399999999999998	0.402	0.879	-0.152	0.426	0.8909999999999999	-0.141	0.434	0.898	-0.129	0.441	0.91	-0.129
0.398	0.863	-0.16399999999999998	0.41	0.883	-0.156	0.414	0.887	-0.152	0.422	0.895	-0.145	0.477	0.898	-0.13699999999999998
0.156	0.8547	-0.234	0.223	0.887	-0.207	0.301	0.934	-0.16	0.406	0.977	-0.08199999999999999	0.465	1.0	-0.012
0.273	0.836	-0.379	0.305	0.867	-0.289	0.383	0.895	-0.215	0.41	0.934	-0.16399999999999998	0.426	0.961	-0.043
0.152	0.867	-0.281	0.191	0.895	-0.25	0.301	0.934	-0.223	0.359	0.969	-0.191	0.383	1.0	-0.15159999999999946
0.254	0.879	-0.262	0.266	0.918	-0.254	0.277	0.93	-0.25	0.297	0.934	-0.242	0.383	0.949	-0.23
0.172	0.8590000000000001	-0.227	0.211	0.902	-0.184	0.289	0.934	-0.125	0.383	0.988	-0.109	0.41	1.031	-0.09
0.355	0.8236000000000001	-0.219	0.387	0.852	-0.184	0.414	0.887	-0.14300000000000002	0.473	0.91	-0.117	0.531	0.938	-0.105
0.211	0.816	-0.3204	0.277	0.855	-0.227	0.344	0.914	-0.172	0.395	0.969	-0.133	0.434	1.008	-0.098
0.18	0.938	-0.191	0.203	0.961	-0.152	0.227	0.969	-0.117	0.238	0.977	-0.094	0.258	1.0	-0.086
0.25	0.84	-0.16399999999999998	0.327	0.871	-0.145	0.41	0.91	-0.117	0.441	0.953	-0.08199999999999999	0.469	0.969	0.008
0.266	0.848	-0.246	0.301	0.875	-0.219	0.383	0.895	-0.199	0.426	0.926	-0.168	0.461	0.953	-0.145
0.371	0.855	-0.219	0.379	0.879	-0.211	0.395	0.8909999999999999	-0.199	0.406	0.898	-0.191	0.469	0.906	-0.188
0.262	0.8240000000000001	-0.402	0.324	0.855	-0.32	0.375	0.8909999999999999	-0.215	0.43	0.93	-0.105	0.477	0.961	0.035
0.133	0.871	-0.203	0.207	0.902	-0.184	0.336	0.93	-0.168	0.371	0.984	-0.152	0.418	1.023	-0.125
0.3547	0.836	-0.211	0.3670000000000001	0.875	-0.192	0.371	0.902	-0.184	0.434	0.91	-0.18	0.508	0.922	-0.168
0.332	0.8320000000000001	-0.219	0.359	0.852	-0.207	0.43	0.875	-0.191	0.469	0.907	-0.184	0.504	0.93	-0.172
0.32	0.797	-0.2273	0.379	0.836	-0.211	0.449	0.863	-0.191	0.48	0.898	-0.17600000000000002	0.523	0.938	-0.16399999999999998
0.27	0.918	-0.195	0.297	0.926	-0.188	0.32	0.93	-0.184	0.328	0.938	-0.18	0.336	0.953	-0.18
0.211	0.852	-0.215	0.27	0.898	-0.203	0.332	0.93	-0.188	0.363	0.949	-0.184	0.453	0.969	-0.18
0.1876	0.938	-0.207	0.227	0.949	-0.199	0.242	0.957	-0.188	0.258	0.965	-0.184	0.27	0.977	-0.18
0.227	0.879	-0.223	0.27	0.906	-0.215	0.309	0.93	-0.203	0.348	0.953	-0.191	0.383	0.977	-0.184
0.211	0.871	-0.227	0.238	0.914	-0.207	0.285	0.941	-0.188	0.328	0.965	-0.18	0.3670000000000001	0.988	-0.16399999999999998
0.156	0.8320000000000001	-0.242	0.191	0.883	-0.219	0.258	0.945	-0.188	0.3670000000000001	0.984	-0.16399999999999998	0.445	1.012	-0.13699999999999998
0.188	0.871	-0.2114	0.219	0.914	-0.16	0.281	0.949	-0.133	0.348	0.977	-0.113	0.406	1.0	-0.07400000000000001
0.188	0.852	-0.156	0.25	0.879	-0.145	0.359	0.922	-0.125	0.441	0.957	-0.109	0.473	1.004	-0.086
0.363	0.875	-0.129	0.3670000000000001	0.906	-0.117	0.371	0.914	-0.117	0.379	0.922	-0.113	0.457	0.926	-0.102
0.223	0.84	-0.211	0.273	0.875	-0.18	0.328	0.918	-0.156	0.42700000000000005	0.961	-0.14	0.48	1.0	-0.098
-0.598	0.813	-0.16	-0.371	0.895	-0.105	0.25	0.93	-0.07400000000000001	0.344	0.953	0.105	0.363	1.0004000000000006	0.203
-0.4344	0.789	-0.35200000000000004	-0.324	0.902	-0.262	-0.242	0.969	-0.168	-0.168	1.023	-0.047	-0.098	1.09	0.059
-0.344	0.7809999999999999	-0.336	-0.27	0.887	-0.277	-0.18	0.98	-0.17600000000000002	-0.102	1.063	-0.055	-0.051	1.145	-0.004
-0.316	0.773	-0.35200000000000004	-0.227	0.871	-0.309	-0.14800000000000002	0.98	-0.195	-0.098	1.074	-0.055	-0.051	1.1909999999999998	0.004
-0.3133	0.762	-0.336	-0.219	0.871	-0.293	-0.13699999999999998	0.98	-0.188	-0.08199999999999999	1.082	-0.047	-0.043	1.219	0.023
-0.328	0.758	-0.34	-0.234	0.8590000000000001	-0.289	-0.145	0.98	-0.16399999999999998	-0.09	1.086	-0.034	-0.047	1.23	0.043
-0.285	0.8196	-0.32	-0.203	0.938	-0.285	-0.152	0.977	-0.223	-0.109	1.02	-0.08199999999999999	-0.07	1.156	0.012
-0.313	0.813	-0.316	-0.234	0.902	-0.258	-0.16399999999999998	0.98	-0.16	-0.109	1.055	-0.031	-0.063	1.148	0.02
-0.316	0.805	-0.35200000000000004	-0.25	0.898	-0.301	-0.184	0.984	-0.184	-0.113	1.0590000000000002	-0.059	-0.066	1.125	0.0
-0.18	0.984	-0.188	-0.141	1.0	-0.13699999999999998	-0.125	1.0	-0.129	-0.117	1.004	-0.121	-0.113	1.012	-0.117
-0.293	0.867	-0.336	-0.223	0.957	-0.246	-0.14800000000000002	1.0	-0.156	-0.113	1.012	-0.121	-0.094	1.082	-0.027000000000000003
-0.297	0.914	-0.281	-0.227	0.969	-0.188	-0.184	0.996	-0.133	-0.145	1.004	-0.07400000000000001	-0.09	1.043	-0.02
-0.242	0.961	-0.219	-0.126	0.992	-0.184	-0.117	1.0	-0.16399999999999998	-0.102	1.004	-0.145	-0.09	1.008	-0.102
-0.223	0.961	-0.2624	-0.184	0.98	-0.219	-0.16399999999999998	0.992	-0.184	-0.125	1.0	-0.145	-0.113	1.016	-0.105
-0.395	0.836	-0.324	-0.328	0.914	-0.238	-0.23	0.973	-0.133	-0.152	1.031	-0.043	-0.08199999999999999	1.105	0.07
-0.7190000000000001	0.594	-0.4920000000000001	-0.617	0.715	-0.387	-0.484	0.855	-0.238	-0.371	0.945	-0.129	-0.297	0.992	-0.066
0.059	0.8440000000000001	-0.156	0.14725000000000002	0.898	-0.141	0.336	0.93	0.0	0.371	0.965	0.133	0.465	1.016	0.17600000000000002
0.262	0.914	-0.117	0.293	0.926	-0.055999999999999994	0.301	0.93	0.141	0.313	0.941	0.16	0.359	0.957	0.17600000000000002
0.285	0.918	0.152	0.297	0.926	0.16	0.301	0.93	0.16399999999999998	0.305	0.934	0.17600000000000002	0.309	0.938	0.188
0.301	0.93	0.168	0.301	0.93	0.168	0.301	0.93	0.168	0.301	0.93	0.168	0.301	0.93	0.168
0.297	0.8909999999999999	0.105	0.301	0.914	0.172	0.301	0.926	0.184	0.336	0.93	0.191	0.375	0.934	0.199
0.195	0.8909999999999999	0.016	0.293	0.918	0.063	0.313	0.938	0.09	0.337	0.957	0.117	0.363	0.992	0.13699999999999998
0.266	0.875	0.094	0.297	0.895	0.125	0.328	0.914	0.16	0.3670000000000001	0.938	0.188	0.402	0.957	0.238
0.2496	0.852	0.078	0.313	0.879	0.117	0.363	0.91	0.152	0.398	0.945	0.18	0.422	0.973	0.199
0.25	0.855	0.086	0.309	0.887	0.121	0.348	0.914	0.145	0.371	0.945	0.17600000000000002	0.398	0.984	0.199
0.289	0.77	-0.051	0.344	0.813	0.008	0.445	0.863	0.086	0.523	0.918	0.172	0.578	0.969	0.246
0.066	0.887	-0.016	0.129	0.895	0.031	0.398	0.902	0.098	0.402	0.977	0.117	0.41	0.992	0.195
0.344	0.875	0.022700000000000012	0.398	0.883	0.098	0.402	0.895	0.109	0.406	0.902	0.117	0.43	0.93	0.145
0.336	0.805	0.16	0.391	0.8310000000000001	0.191	0.434	0.855	0.219	0.465	0.883	0.258	0.4920000000000001	0.906	0.3324000000000006
0.266	0.828	0.105	0.328	0.8590000000000001	0.141	0.375	0.8909999999999999	0.199	0.418	0.93	0.242	0.457	0.988	0.289
0.281	0.813	0.152	0.34	0.84	0.184	0.398	0.873	0.211	0.453	0.91	0.238	0.484	0.957	0.266
0.363	0.7929999999999999	0.156	0.395	0.8240000000000001	0.184	0.43	0.8590000000000001	0.211	0.461	0.8919999999999999	0.242	0.488	0.934	0.281
0.234	0.82	0.063	0.266	0.871	0.102	0.359	0.926	0.141	0.441	0.965	0.172	0.4920000000000001	0.996	0.199
0.277	0.7929999999999999	0.15960000000000002	0.371	0.82	0.184	0.395	0.875	0.211	0.48	0.8909999999999999	0.238	0.52	0.945	0.273
0.3436	0.789	0.16399999999999998	0.375	0.82	0.203	0.41	0.848	0.242	0.453	0.887	0.305	0.488	0.93	0.344
0.29660000000000003	0.8240000000000001	0.078	0.335	0.8590000000000001	0.129	0.379	0.895	0.18	0.422	0.93	0.219	0.461	0.961	0.254
0.227	0.8440000000000001	0.1446	0.301	0.871	0.172	0.383	0.8809999999999999	0.207	0.398	0.93	0.227	0.441	0.973	0.234
0.34	0.8440000000000001	0.16	0.363	0.867	0.184	0.383	0.883	0.203	0.402	0.898	0.219	0.445	0.918	0.2344000000000005
0.375	0.8009999999999999	0.152	0.402	0.8240000000000001	0.17600000000000002	0.426	0.855	0.219	0.465	0.875	0.27	0.4920000000000001	0.895	0.305
0.3670000000000001	0.785	0.16	0.401	0.82	0.191	0.43	0.852	0.227	0.461	0.887	0.262	0.4920000000000001	0.922	0.293
0.262	0.805	0.125	0.34	0.8440000000000001	0.16	0.379	0.887	0.199	0.418	0.938	0.242	0.457	0.984	0.297
0.395	0.8009999999999999	0.17600000000000002	0.434	0.82	0.215	0.453	0.836	0.234	0.473	0.8590000000000001	0.258	0.488	0.895	0.277
0.34	0.789	0.13699999999999998	0.375	0.82	0.17600000000000002	0.422	0.8590000000000001	0.211	0.469	0.898	0.246	0.504	0.938	0.281
0.262	0.867	0.129	0.297	0.879	0.14800000000000002	0.332	0.914	0.172	0.395	0.945	0.199	0.406	0.965	0.211
0.387	0.746	0.184	0.422	0.7929999999999999	0.215	0.465	0.828	0.238	0.504	0.863	0.27	0.563	0.902	0.297
0.254	0.7809999999999999	0.105	0.289	0.813	0.133	0.3670000000000001	0.895	0.18	0.504	0.957	0.227	0.547	0.988	0.254
0.418	0.773	0.199	0.453	0.797	0.215	0.484	0.816	0.242	0.504	0.84	0.28600000000000003	0.523	0.863	0.328
0.281	0.773	0.191	0.328	0.797	0.211	0.438	0.84	0.254	0.5	0.902	0.293	0.523	0.941	0.32
0.316	0.7809999999999999	0.188	0.383	0.809	0.215	0.438	0.84	0.246	0.473	0.879	0.285	0.5	0.934	0.316
0.238	0.875	0.13699999999999998	0.289	0.879	0.16	0.359	0.898	0.188	0.395	0.938	0.199	0.398	0.965	0.207
0.34	0.777	0.172	0.395	0.813	0.199	0.418	0.8440000000000001	0.23	0.465	0.879	0.31	0.4920000000000001	0.902	0.43
0.313	0.82	0.188	0.328	0.852	0.203	0.359	0.8909999999999999	0.219	0.426	0.914	0.242	0.469	0.93	0.273
0.426	0.77	0.08560000000000001	0.441	0.805	0.219	0.449	0.836	0.25	0.512	0.8440000000000001	0.262	0.563	0.871	0.281
0.289	0.797	0.1206	0.327	0.8240000000000001	0.172	0.391	0.855	0.23	0.48100000000000004	0.895	0.293	0.523	0.934	0.398
0.215	0.797	0.109	0.281	0.84	0.152	0.383	0.879	0.207	0.441	0.934	0.258	0.496	0.98	0.309
0.207	0.789	0.086	0.313	0.8320000000000001	0.113	0.406	0.887	0.141	0.496	0.945	0.17600000000000002	0.551	0.9964000000000004	0.219
0.473	0.84	0.145	0.473	0.8440000000000001	0.145	0.473	0.8440000000000001	0.145	0.477	0.8440000000000001	0.145	0.48	0.8440000000000001	0.14800000000000002
0.35200000000000004	0.758	0.113	0.402	0.7929999999999999	0.14800000000000002	0.461	0.8320000000000001	0.188	0.52	0.879	0.242	0.5820000000000001	0.934	0.309
0.277	0.805	0.125	0.316	0.8440000000000001	0.16	0.375	0.883	0.203	0.43	0.93	0.242	0.469	0.977	0.285
0.277	0.797	0.16399999999999998	0.313	0.8240000000000001	0.199	0.3965	0.863	0.23	0.453	0.914	0.27	0.504	0.957	0.301
0.277	0.875	0.188	0.301	0.883	0.203	0.344	0.895	0.215	0.3670000000000001	0.926	0.227	0.375	0.945	0.234
0.32	0.773	0.219	0.375	0.7929999999999999	0.242	0.438	0.82	0.277	0.484	0.852	0.387	0.508	0.879	0.469
0.445	0.785	0.2066	0.461	0.8009999999999999	0.223	0.477	0.82	0.246	0.496	0.836	0.266	0.516	0.855	0.289
0.395	0.785	0.199	0.43	0.809	0.219	0.461	0.8320000000000001	0.242	0.48	0.855	0.266	0.5	0.8909999999999999	0.293
0.391	0.777	0.109	0.422	0.809	0.16399999999999998	0.457	0.8440000000000001	0.207	0.488	0.875	0.242	0.516	0.91	0.27
0.438	0.785	0.039	0.473	0.82	0.066	0.508	0.852	0.113	0.539	0.887	0.168	0.5660000000000001	0.918	0.227
0.422	0.77	0.133	0.457	0.8009999999999999	0.16	0.484	0.828	0.191	0.508	0.8590000000000001	0.215	0.531	0.902	0.238
0.398	0.789	0.16399999999999998	0.422	0.816	0.199	0.449	0.8440000000000001	0.227	0.473	0.875	0.258	0.5	0.906	0.281
0.246	0.813	0.129	0.359	0.848	0.152	0.406	0.879	0.188	0.438	0.922	0.219	0.465	0.965	0.25
0.234	0.8590000000000001	0.16760000000000005	0.281	0.863	0.191	0.398	0.871	0.219	0.406	0.938	0.23	0.41	0.969	0.238
0.406	0.867	0.227	0.406	0.867	0.227	0.406	0.867	0.227	0.406	0.867	0.227	0.406	0.867	0.227
0.406	0.754	0.207	0.406	0.789	0.227	0.43	0.852	0.227	0.52	0.867	0.258	0.57	0.867	0.289
0.414	0.758	0.191	0.449	0.785	0.223	0.48	0.816	0.254	0.508	0.848	0.281	0.535	0.879	0.309
0.387	0.77	0.191	0.422	0.797	0.215	0.461	0.828	0.242	0.488	0.863	0.27	0.512	0.895	0.305
0.363	0.805	0.156	0.391	0.836	0.184	0.422	0.863	0.211	0.457	0.8909999999999999	0.242	0.488	0.918	0.266
0.324	0.8009999999999999	0.055	0.3670000000000001	0.8320000000000001	0.168	0.418	0.863	0.207	0.477	0.898	0.234	0.5429999999999999	0.93	0.258
0.35200000000000004	0.7809999999999999	0.14800000000000002	0.391	0.8009999999999999	0.195	0.473	0.8320000000000001	0.227	0.504	0.887	0.258	0.527	0.918	0.293
0.293	0.797	0.227	0.344	0.8320000000000001	0.246	0.418	0.8440000000000001	0.266	0.441	0.8909999999999999	0.277	0.484	0.926	0.293
0.313	0.738	0.199	0.34	0.789	0.23	0.379	0.848	0.305	0.43	0.887	0.402	0.4920000000000001	0.922	0.473
0.387	0.77	0.227	0.406	0.8009999999999999	0.242	0.43	0.84	0.262	0.484	0.8590000000000001	0.293	0.527	0.875	0.313
0.336	0.773	0.211	0.387	0.805	0.23	0.43	0.84	0.254	0.477	0.872	0.289	0.523	0.902	0.316
0.41	0.773	0.145	0.438	0.8009999999999999	0.184	0.469	0.8320000000000001	0.211	0.504	0.867	0.234	0.539	0.898	0.262
0.395	0.785	0.199	0.422	0.809	0.219	0.453	0.8320000000000001	0.246	0.473	0.8590000000000001	0.277	0.496	0.887	0.301
0.363	0.777	0.191	0.398	0.805	0.223	0.441	0.84	0.25	0.473	0.871	0.281	0.504	0.906	0.309
0.359	0.7809999999999999	0.195	0.391	0.816	0.23	0.422	0.8440000000000001	0.258	0.465	0.875	0.285	0.5	0.906	0.316
0.266	0.8009999999999999	0.184	0.355	0.8240000000000001	0.199	0.434	0.848	0.227	0.473	0.898	0.242	0.508	0.949	0.262
0.359	0.7929999999999999	0.117	0.398	0.8320000000000001	0.18	0.445	0.848	0.207	0.477	0.883	0.227	0.535	0.906	0.246
0.371	0.7340000000000001	0.207	0.41700000000000004	0.77	0.23	0.465	0.805	0.281	0.516	0.836	0.34	0.5589999999999999	0.875	0.441
0.348	0.73	0.18	0.461	0.813	0.199	0.477	0.828	0.211	0.4920000000000001	0.84	0.227	0.613	0.91	0.258
0.324	0.738	0.129	0.41	0.77	0.168	0.516	0.8009999999999999	0.219	0.57	0.8440000000000001	0.301	0.605	0.883	0.371
0.238	0.738	0.172	0.336	0.773	0.211	0.457	0.816	0.273	0.512	0.922	0.316	0.555	0.984	0.35230000000000045
0.344	0.75	0.152	0.383	0.789	0.199	0.434	0.84	0.238	0.52	0.887	0.273	0.5660000000000001	0.93	0.301
0.32	0.82	0.203	0.41	0.8240000000000001	0.242	0.445	0.828	0.273	0.449	0.8590000000000001	0.285	0.457	0.918	0.289
0.336	0.75	0.1636	0.387	0.7929999999999999	0.223	0.449	0.8240000000000001	0.273	0.4920000000000001	0.879	0.297	0.5589999999999999	0.93	0.328
-0.4920000000000001	0.8009999999999999	0.078	-0.348	0.852	0.117	0.043	0.953	0.168	0.117	0.988	0.363	0.215	1.004	0.383
-0.477	0.852	0.078	-0.453	0.871	0.125	-0.09	0.953	0.223	0.08199999999999999	0.996	0.258	0.16	1.02	0.285
-0.535	0.836	-0.262	-0.359	0.914	-0.168	-0.27	0.969	-0.059	-0.17600000000000002	1.0	0.07	-0.09	1.047	0.168
-0.473	0.852	-0.289	-0.398	0.914	-0.211	-0.348	0.957	-0.145	-0.293	0.98	-0.063	-0.246	1.016	0.004
-0.406	0.871	-0.328	-0.3670000000000001	0.934	-0.25	-0.328	0.957	-0.195	-0.293	0.969	-0.121	-0.254	1.0164000000000006	-0.016
-0.422	0.8516	-0.281	-0.3670000000000001	0.922	-0.207	-0.328	0.965	-0.121	-0.285	0.992	-0.055	-0.234	1.035	0.02
-0.391	0.8006	-0.387	-0.35275	0.895	-0.34	-0.309	0.945	-0.258	-0.27	0.984	-0.191	-0.199	1.047	-0.105
-0.3714	0.758	-0.461	-0.324	0.863	-0.402	-0.281	0.949	-0.301	-0.223	1.008	-0.184	-0.18	1.074400000000001	-0.117
-0.336	0.8046000000000001	-0.41	-0.305	0.895	-0.3670000000000001	-0.266	0.957	-0.266	-0.211	1.012	-0.159	-0.16399999999999998	1.07	-0.09
-0.332	0.8476	-0.391	-0.289	0.926	-0.324	-0.25	0.957	-0.289	-0.211	0.992	-0.18	-0.172	1.055	-0.078
-0.363	0.8626	-0.371	-0.328	0.925	-0.313	-0.285	0.957	-0.25	-0.238	0.985	-0.152	-0.191	1.035	-0.055
-0.344	0.906	-0.35200000000000004	-0.313	0.934	-0.32	-0.293	0.945	-0.301	-0.27	0.957	-0.258	-0.242	0.98	-0.211
-0.418	0.84	-0.402	-0.359	0.906	-0.332	-0.309	0.945	-0.273	-0.277	0.965	-0.207	-0.246	1.004	-0.113
-0.539	0.8276	-0.262	-0.449	0.895	-0.207	-0.32	0.941	-0.141	0.121	0.97775	-0.031	0.309	1.008	0.043
0.17560000000000006	0.922	0.012	0.297	0.93	0.023	0.328	0.934	0.047	0.34	0.949	0.09	0.35200000000000004	0.984	0.105
0.051	0.922	-0.027000000000000003	0.102	0.926	0.02	0.316	0.934	0.08199999999999999	0.34	0.992	0.105	0.348	1.008	0.113
0.34	0.922	0.07400000000000001	0.348	0.926	0.07400000000000001	0.348	0.93	0.07400000000000001	0.348	0.93	0.086	0.35200000000000004	0.93	0.105
0.348	0.902	0.051	0.348	0.914	0.059	0.363	0.922	0.07400000000000001	0.3670000000000001	0.93	0.078	0.375	0.93	0.105
0.359	0.914	0.055	0.363	0.914	0.059	0.3670000000000001	0.914	0.07400000000000001	0.3670000000000001	0.922	0.07400000000000001	0.3670000000000001	0.926	0.07400000000000001
0.121	0.906	-0.039	0.328	0.914	0.027000000000000003	0.3670000000000001	0.922	0.059	0.371	0.938	0.07400000000000001	0.383	0.992	0.094
-0.008	0.9296	-0.156	0.031	0.965	-0.117	0.121	0.992	-0.043	0.191	1.008	0.027000000000000003	0.254	1.027	0.18
0.289	0.902	0.031	0.32	0.914	0.051	0.35200000000000004	0.926	0.094	0.363	0.938	0.121	0.371	0.953	0.133
0.344	0.926	0.047	0.35200000000000004	0.93	0.047	0.35200000000000004	0.93	0.047	0.35200000000000004	0.93	0.047	0.35200000000000004	0.93	0.063
0.355	0.922	-0.039	0.355	0.922	-0.027000000000000003	0.363	0.926	-0.023	0.3670000000000001	0.93	-0.012	0.3670000000000001	0.934	-0.008
0.355	0.91	-0.043	0.363	0.918	-0.031	0.3670000000000001	0.926	-0.023	0.379	0.93	0.0	0.391	0.934	0.039
0.387	0.914	0.043	0.387	0.914	0.043	0.387	0.914	0.043	0.387	0.914	0.043	0.387	0.914	0.043
0.371	0.906	-0.004	0.387	0.914	0.043	0.387	0.914	0.043	0.387	0.914	0.043	0.395	0.922	0.043
0.336	0.895	0.023	0.355	0.91	0.035	0.363	0.922	0.047	0.375	0.93	0.063	0.398	0.941	0.09
0.059	0.953	-0.16439999999999996	0.125	0.973	-0.113	0.141	0.992	-0.08199999999999999	0.172	1.008	-0.063	0.195	1.027	-0.016
0.125	0.852	-0.09	0.152	0.883	-0.016	0.34	0.918	0.17600000000000002	0.383	0.984	0.211	0.402	1.0	0.238
0.266	0.852	0.07400000000000001	0.305	0.883	0.105	0.34	0.918	0.14800000000000002	0.371	0.949	0.184	0.398	0.977	0.219
0.305	0.855	0.086	0.324	0.879	0.129	0.355	0.898	0.199	0.379	0.922	0.227	0.402	0.945	0.25
0.328	0.8440000000000001	0.066	0.355	0.875	0.09699999999999999	0.375	0.906	0.117	0.406	0.934	0.133	0.457	0.957	0.156
0.348	0.8320000000000001	0.121	0.375	0.863	0.129	0.398	0.887	0.145	0.43	0.906	0.203	0.453	0.922	0.273
0.336	0.852	0.117	0.3670000000000001	0.871	0.133	0.391	0.895	0.156	0.41	0.922	0.17600000000000002	0.426	0.941	0.191
0.316	0.8320000000000001	0.113	0.375	0.8590000000000001	0.129	0.402	0.887	0.152	0.426	0.918	0.172	0.449	0.945	0.195
0.297	0.82	0.109	0.336	0.8590000000000001	0.129	0.379	0.895	0.14800000000000002	0.426	0.934	0.172	0.4494000000000006	0.973	0.199
0.32	0.848	0.145	0.35200000000000004	0.867	0.16	0.383	0.895	0.18	0.402	0.922	0.195	0.414	0.945	0.211
0.305	0.8320000000000001	0.121	0.35200000000000004	0.8590000000000001	0.141	0.398	0.887	0.16399999999999998	0.426	0.918	0.184	0.445	0.949	0.203
0.305	0.84	0.125	0.34	0.863	0.141	0.391	0.895	0.16	0.414	0.926	0.17600000000000002	0.449	0.953	0.195
0.324	0.8440000000000001	0.129	0.371	0.863	0.145	0.398	0.887	0.16399999999999998	0.414	0.918	0.184	0.434	0.941	0.199
0.309	0.8320000000000001	0.129	0.359	0.8590000000000001	0.156	0.391	0.887	0.17600000000000002	0.434	0.91	0.195	0.457	0.9414000000000003	0.211
0.324	0.828	0.129	0.371	0.852	0.14800000000000002	0.406	0.883	0.16399999999999998	0.434	0.91	0.188	0.453	0.941	0.207
0.328	0.836	0.113	0.35200000000000004	0.8590000000000001	0.129	0.398	0.8909999999999999	0.14800000000000002	0.434	0.922	0.168	0.453	0.953	0.191
0.35200000000000004	0.836	0.121	0.379	0.855	0.13699999999999998	0.406	0.883	0.156	0.438	0.91	0.172	0.457	0.934	0.188
0.375	0.84	0.133	0.398	0.855	0.145	0.414	0.879	0.16	0.434	0.898	0.17600000000000002	0.445	0.926	0.188
0.316	0.8590000000000001	0.047	0.3670000000000001	0.879	0.113	0.391	0.895	0.141	0.41	0.918	0.16399999999999998	0.434	0.945	0.184
0.414	0.867	0.152	0.418	0.871	0.156	0.418	0.887	0.156	0.418	0.887	0.16	0.426	0.887	0.184
0.422	0.8590000000000001	0.184	0.422	0.8590000000000001	0.191	0.426	0.8590000000000001	0.195	0.434	0.863	0.195	0.438	0.867	0.195
0.422	0.8590000000000001	0.195	0.422	0.8590000000000001	0.195	0.422	0.8590000000000001	0.195	0.422	0.8590000000000001	0.195	0.422	0.8590000000000001	0.195
0.422	0.8590000000000001	0.156	0.422	0.8590000000000001	0.195	0.422	0.8590000000000001	0.195	0.422	0.8590000000000001	0.195	0.438	0.867	0.195
0.43	0.863	0.14800000000000002	0.434	0.867	0.152	0.434	0.867	0.156	0.438	0.871	0.16	0.441	0.875	0.16
0.371	0.813	0.066	0.398	0.84	0.16	0.43	0.8590000000000001	0.199	0.457	0.887	0.23	0.477	0.918	0.273
0.328	0.82	0.14800000000000002	0.379	0.8440000000000001	0.16399999999999998	0.414	0.875	0.188	0.441	0.902	0.207	0.465	0.934	0.227
0.31260000000000004	0.8440000000000001	0.09760000000000002	0.336	0.875	0.121	0.371	0.902	0.145	0.406	0.934	0.168	0.4534000000000005	0.957	0.188
0.402	0.852	0.07	0.406	0.883	0.07400000000000001	0.41	0.895	0.086	0.418	0.91	0.098	0.465	0.91	0.13699999999999998
0.32	0.836	0.098	0.371	0.855	0.121	0.406	0.887	0.141	0.441	0.918	0.16399999999999998	0.465	0.949	0.184
0.371	0.836	0.07400000000000001	0.391	0.863	0.094	0.406	0.883	0.121	0.441	0.914	0.141	0.473	0.938	0.16399999999999998
0.336	0.8276	0.098	0.3670000000000001	0.852	0.117	0.418	0.883	0.13699999999999998	0.449	0.918	0.152	0.477	0.941	0.17600000000000002
0.289	0.836	0.07	0.35200000000000004	0.855	0.109	0.406	0.883	0.145	0.438	0.922	0.184	0.457	0.961	0.203
0.258	0.863	0.117	0.289	0.879	0.129	0.375	0.902	0.156	0.402	0.938	0.191	0.414	0.969	0.215
0.297	0.828	0.125	0.355	0.852	0.13699999999999998	0.402	0.887	0.16399999999999998	0.445	0.91	0.191	0.4734000000000005	0.945	0.207
0.387	0.82	0.133	0.398	0.848	0.16	0.406	0.879	0.168	0.457	0.8909999999999999	0.191	0.488	0.902	0.215
0.355	0.836	0.16	0.387	0.852	0.172	0.414	0.873	0.191	0.434	0.898	0.203	0.445	0.922	0.219
0.309	0.836	0.098	0.406	0.8590000000000001	0.133	0.426	0.871	0.156	0.453	0.8909999999999999	0.168	0.4920000000000001	0.938	0.188
0.414	0.809	0.16399999999999998	0.43	0.828	0.184	0.445	0.848	0.203	0.465	0.871	0.227	0.484	0.8909999999999999	0.246
0.328	0.84	0.129	0.363	0.8590000000000001	0.168	0.391	0.883	0.199	0.414	0.91	0.223	0.43440000000000056	0.938	0.242
0.32	0.828	0.168	0.35200000000000004	0.8590000000000001	0.195	0.375	0.887	0.211	0.406	0.91	0.231	0.438	0.938	0.258
0.379	0.8320000000000001	0.199	0.391	0.8440000000000001	0.211	0.402	0.867	0.227	0.41	0.8909999999999999	0.242	0.426	0.91	0.258
0.266	0.855	0.172	0.289	0.879	0.191	0.332	0.906	0.207	0.3670000000000001	0.934	0.227	0.391	0.957	0.242
0.313	0.82	0.17600000000000002	0.379	0.8440000000000001	0.195	0.41	0.867	0.215	0.43	0.898	0.234	0.449	0.93	0.25
0.328	0.816	0.191	0.363	0.8440000000000001	0.207	0.402	0.871	0.227	0.434	0.898	0.242	0.461	0.93	0.258
0.324	0.82	0.172	0.359	0.8440000000000001	0.195	0.395	0.873	0.219	0.422	0.898	0.242	0.441	0.934	0.266
0.313	0.813	0.188	0.332	0.848	0.203	0.371	0.883	0.223	0.422	0.91	0.246	0.465	0.938	0.266
0.313	0.828	0.199	0.348	0.848	0.23	0.383	0.871	0.25	0.406	0.895	0.273	0.434	0.918	0.297
0.281	0.828	0.18	0.305	0.867	0.203	0.355	0.887	0.227	0.395	0.918	0.246	0.453	0.945	0.277
0.32	0.836	0.156	0.355	0.8590000000000001	0.17600000000000002	0.391	0.883	0.195	0.414	0.914	0.211	0.434	0.938	0.234
0.332	0.8440000000000001	0.141	0.363	0.875	0.156	0.398	0.887	0.168	0.406	0.902	0.184	0.473	0.926	0.195
0.34	0.828	0.156	0.3670000000000001	0.848	0.17600000000000002	0.395	0.871	0.211	0.414	0.895	0.281	0.438	0.914	0.34
0.3670000000000001	0.82	0.10470000000000003	0.391	0.848	0.125	0.426	0.875	0.14800000000000002	0.453	0.895	0.191	0.5	0.922	0.211
0.305	0.8590000000000001	0.086	0.332	0.883	0.109	0.375	0.898	0.13699999999999998	0.402	0.93	0.188	0.414	0.953	0.211
0.383	0.8320000000000001	0.133	0.395	0.852	0.141	0.402	0.883	0.156	0.434	0.8909999999999999	0.199	0.469	0.898	0.258
0.3396000000000001	0.8240000000000001	0.211	0.359	0.8440000000000001	0.242	0.379	0.867	0.273	0.398	0.8909999999999999	0.297	0.418	0.914	0.32
0.316	0.797	0.18	0.348	0.84	0.207	0.383	0.871	0.238	0.418	0.906	0.273	0.453	0.941	0.316
0.324	0.797	0.18	0.363	0.8320000000000001	0.207	0.398	0.863	0.234	0.438	0.895	0.285	0.473	0.93	0.34
0.383	0.773	0.242	0.414	0.8009999999999999	0.262	0.445	0.8240000000000001	0.281	0.465	0.848	0.309	0.484	0.871	0.35200000000000004
0.35200000000000004	0.789	0.254	0.375	0.809	0.285	0.3965	0.8320000000000001	0.32	0.422	0.8590000000000001	0.35200000000000004	0.453	0.887	0.387
-0.563	0.8009999999999999	0.117	-0.039	0.8320000000000001	0.23	0.309	0.867	0.293	0.35200000000000004	0.91	0.332	0.375	0.961	0.379
-0.789	0.645	-0.324	-0.696	0.738	-0.188	-0.508	0.8590000000000001	-0.109	-0.324	0.965	-0.031	-0.266	0.988	0.125
-0.398	0.875	-0.332	-0.371	0.938	-0.203	-0.316	0.961	-0.145	-0.266	0.984	-0.09	-0.234	1.008	-0.043
-0.414	0.93	-0.211	-0.398	0.934	-0.191	-0.379	0.945	-0.16399999999999998	-0.285	0.965	-0.152	-0.266	0.973	-0.129
-0.305	0.961	-0.203	-0.294	0.965	-0.184	-0.289	0.969	-0.18	-0.281	0.973	-0.172	-0.277	0.977	-0.16399999999999998
-0.289	0.965	-0.211	-0.277	0.969	-0.203	-0.266	0.973	-0.195	-0.262	0.977	-0.184	-0.254	0.98	-0.17600000000000002
-0.277	0.961	-0.258	-0.258	0.965	-0.23	-0.25	0.977	-0.184	-0.23	0.98	-0.16399999999999998	-0.207	0.984	-0.156
-0.285	0.957	-0.254	-0.258	0.977	-0.203	-0.242	0.98	-0.18	-0.223	0.984	-0.156	-0.215	0.988	-0.14800000000000002
-0.313	0.961	-0.219	-0.262	0.98	-0.14800000000000002	-0.262	0.98	-0.145	-0.254	0.984	-0.141	-0.238	0.988	-0.125
-0.258	0.977	-0.203	-0.242	0.984	-0.14800000000000002	-0.234	0.988	-0.121	-0.219	0.992	-0.117	-0.203	0.996	-0.113
-0.28539999999999993	0.961	-0.223	-0.258	0.973	-0.204	-0.238	0.98	-0.18	-0.23	0.984	-0.172	-0.223	0.988	-0.16399999999999998
-0.266	0.969	-0.195	-0.258	0.977	-0.18	-0.242	0.98	-0.16399999999999998	-0.227	0.984	-0.156	-0.211	0.992	-0.14800000000000002
-0.27	0.973	-0.219	-0.262	0.977	-0.211	-0.258	0.98	-0.168	-0.238	0.98	-0.152	-0.219	0.984	-0.152
-0.254	0.973	-0.219	-0.23	0.977	-0.207	-0.223	0.977	-0.207	-0.219	0.988	-0.156	-0.211	0.996	-0.06569999999999959
-0.258	0.973	-0.199	-0.258	0.977	-0.191	-0.258	0.98	-0.156	-0.246	0.98	-0.156	-0.238	0.984	-0.152
-0.262	0.945	-0.32	-0.254	0.969	-0.25	-0.242	0.977	-0.201	-0.234	0.984	-0.172	-0.227	0.988	-0.129
-0.27	0.953	-0.289	-0.258	0.965	-0.25	-0.25	0.973	-0.215	-0.246	0.988	-0.113	-0.238	0.992	-0.109
-0.266	0.965	-0.254	-0.258	0.973	-0.211	-0.25	0.977	-0.18	-0.238	0.98	-0.156	-0.227	0.984	-0.14800000000000002
-0.305	0.922	-0.35200000000000004	-0.281	0.969	-0.195	-0.27	0.969	-0.18	-0.262	0.977	-0.168	-0.258	0.98	-0.133
-0.266	0.961	-0.266	-0.262	0.965	-0.23	-0.258	0.984	-0.129	-0.258	0.984	-0.129	-0.25359999999999944	0.984	-0.121
-0.266	0.961	-0.27	-0.262	0.965	-0.223	-0.258	0.969	-0.219	-0.254	0.969	-0.215	-0.242	0.977	-0.207
-0.277	0.973	-0.18	-0.266	0.977	-0.172	-0.258	0.98	-0.156	-0.25	0.984	-0.141	-0.238	0.988	-0.121
-0.301	0.965	-0.16	-0.293	0.973	-0.145	-0.277	0.98	-0.117	-0.262	0.988	-0.098	-0.25	0.996	-0.08199999999999999
-0.387	0.938	-0.18	-0.379	0.941	-0.168	-0.3670000000000001	0.945	-0.16399999999999998	-0.324	0.965	-0.133	-0.273	0.984	-0.102
-0.3670000000000001	0.914	-0.277	-0.317	0.965	-0.195	-0.297	0.973	-0.145	-0.289	0.977	-0.125	-0.262	0.988	-0.117
-0.445	0.879	-0.27	-0.395	0.922	-0.223	-0.328	0.961	-0.133	-0.285	0.984	-0.09	-0.262	1.004	-0.012
0.10160000000000002	0.836	-0.172	0.152	0.871	-0.109	0.324	0.926	-0.066	0.441	0.984	-0.012	0.48	0.996	0.086
0.332	0.758	-0.027000000000000003	0.469	0.77	0.031	0.535	0.8009999999999999	0.152	0.5589999999999999	0.871	0.23	0.578	0.93	0.242
0.461	0.813	0.078	0.477	0.8320000000000001	0.094	0.488	0.8440000000000001	0.109	0.504	0.8590000000000001	0.129	0.52	0.879	0.14800000000000002
0.48	0.836	-0.023	0.484	0.836	-0.004	0.5	0.8440000000000001	0.07400000000000001	0.508	0.855	0.09	0.512	0.863	0.094
0.488	0.855	0.0	0.4920000000000001	0.8590000000000001	0.0	0.4920000000000001	0.8590000000000001	0.0	0.4920000000000001	0.8590000000000001	0.0	0.4920000000000001	0.8590000000000001	0.004
0.473	0.855	-0.039	0.473	0.8590000000000001	-0.02	0.477	0.863	0.0	0.484	0.871	0.008	0.4920000000000001	0.871	0.008
0.473	0.871	0.008	0.473	0.871	0.008	0.473	0.871	0.008	0.473	0.871	0.008	0.473	0.871	0.008
0.473	0.871	0.008	0.473	0.871	0.008	0.473	0.871	0.008	0.473	0.871	0.008	0.473	0.871	0.008
0.473	0.871	0.008	0.473	0.871	0.008	0.473	0.871	0.008	0.473	0.871	0.008	0.473	0.871	0.008
0.473	0.871	0.008	0.473	0.871	0.008	0.473	0.871	0.008	0.473	0.871	0.008	0.473	0.871	0.008
0.473	0.871	0.008	0.473	0.871	0.008	0.473	0.871	0.008	0.473	0.871	0.008	0.473	0.871	0.008
0.473	0.871	0.008	0.473	0.871	0.008	0.473	0.871	0.008	0.473	0.871	0.008	0.473	0.871	0.008
0.473	0.871	0.008	0.473	0.871	0.008	0.473	0.871	0.008	0.473	0.871	0.008	0.473	0.871	0.008
0.473	0.871	0.008	0.473	0.871	0.008	0.473	0.871	0.008	0.473	0.871	0.008	0.473	0.871	0.008
0.473	0.871	0.008	0.473	0.871	0.008	0.473	0.871	0.008	0.473	0.871	0.008	0.473	0.871	0.008
0.473	0.871	0.008	0.473	0.871	0.008	0.473	0.871	0.008	0.473	0.871	0.008	0.473	0.871	0.008
0.473	0.871	0.008	0.473	0.871	0.008	0.473	0.871	0.008	0.473	0.871	0.008	0.473	0.871	0.008
0.473	0.863	0.008	0.473	0.863	0.008	0.473	0.867	0.023	0.473	0.871	0.027000000000000003	0.477	0.871	0.031
0.473	0.863	0.027000000000000003	0.473	0.863	0.027000000000000003	0.473	0.863	0.027000000000000003	0.473	0.863	0.027000000000000003	0.473	0.863	0.027000000000000003
0.473	0.863	0.027000000000000003	0.473	0.863	0.027000000000000003	0.473	0.863	0.027000000000000003	0.473	0.863	0.027000000000000003	0.473	0.863	0.027000000000000003
0.473	0.863	0.027000000000000003	0.473	0.863	0.027000000000000003	0.473	0.863	0.027000000000000003	0.473	0.863	0.027000000000000003	0.473	0.863	0.027000000000000003
0.473	0.863	0.027000000000000003	0.473	0.863	0.027000000000000003	0.473	0.863	0.027000000000000003	0.473	0.863	0.027000000000000003	0.473	0.863	0.027000000000000003
0.473	0.863	0.027000000000000003	0.473	0.863	0.027000000000000003	0.473	0.863	0.027000000000000003	0.473	0.863	0.027000000000000003	0.473	0.863	0.027000000000000003
0.473	0.863	0.027000000000000003	0.473	0.863	0.027000000000000003	0.473	0.863	0.027000000000000003	0.473	0.863	0.027000000000000003	0.473	0.863	0.027000000000000003
0.473	0.863	0.027000000000000003	0.473	0.863	0.027000000000000003	0.473	0.863	0.027000000000000003	0.473	0.863	0.027000000000000003	0.473	0.863	0.027000000000000003
0.473	0.863	0.027000000000000003	0.473	0.863	0.027000000000000003	0.473	0.863	0.027000000000000003	0.473	0.863	0.027000000000000003	0.473	0.863	0.027000000000000003
0.473	0.863	0.027000000000000003	0.473	0.863	0.027000000000000003	0.473	0.863	0.027000000000000003	0.473	0.863	0.027000000000000003	0.473	0.863	0.027000000000000003
0.473	0.863	0.027000000000000003	0.473	0.863	0.027000000000000003	0.473	0.863	0.027000000000000003	0.473	0.863	0.027000000000000003	0.473	0.863	0.027000000000000003
0.473	0.863	0.027000000000000003	0.473	0.863	0.027000000000000003	0.473	0.863	0.027000000000000003	0.473	0.863	0.027000000000000003	0.473	0.863	0.027000000000000003
0.473	0.863	0.027000000000000003	0.473	0.863	0.027000000000000003	0.473	0.863	0.027000000000000003	0.473	0.863	0.027000000000000003	0.473	0.863	0.027000000000000003
0.473	0.863	0.027000000000000003	0.473	0.863	0.027000000000000003	0.473	0.863	0.027000000000000003	0.473	0.863	0.027000000000000003	0.473	0.863	0.027000000000000003
0.473	0.863	0.027000000000000003	0.473	0.863	0.027000000000000003	0.473	0.863	0.027000000000000003	0.473	0.863	0.027000000000000003	0.473	0.863	0.027000000000000003
0.473	0.863	0.027000000000000003	0.473	0.863	0.027000000000000003	0.473	0.863	0.027000000000000003	0.473	0.863	0.027000000000000003	0.473	0.863	0.027000000000000003
0.473	0.863	0.027000000000000003	0.473	0.863	0.027000000000000003	0.473	0.863	0.027000000000000003	0.473	0.863	0.027000000000000003	0.473	0.863	0.027000000000000003
0.473	0.863	0.027000000000000003	0.473	0.863	0.027000000000000003	0.473	0.863	0.027000000000000003	0.473	0.863	0.027000000000000003	0.473	0.863	0.059
0.461	0.84	0.047	0.469	0.855	0.051	0.473	0.863	0.059	0.484	0.867	0.063	0.5044000000000005	0.875	0.07
0.398	0.7806	-0.008	0.457	0.813	0.027000000000000003	0.496	0.848	0.063	0.535	0.883	0.102	0.574	0.93	0.133
0.422	0.762	-0.023	0.477	0.7929999999999999	0.004	0.527	0.8320000000000001	0.031	0.563	0.875	0.063	0.594	0.926	0.098
0.391	0.77	-0.008	0.434	0.805	0.039	0.488	0.852	0.078	0.531	0.898	0.125	0.5660000000000001	0.938	0.23
0.3706	0.762	-0.004	0.441	0.797	0.047	0.496	0.8440000000000001	0.078	0.5429999999999999	0.895	0.113	0.59	0.949	0.152
0.418	0.785	0.035	0.457	0.813	0.059	0.498	0.8440000000000001	0.086	0.531	0.875	0.117	0.563	0.914	0.152
0.398	0.754	0.027000000000000003	0.434	0.8009999999999999	0.063	0.48	0.852	0.098	0.539	0.887	0.145	0.5820000000000001	0.922	0.25040000000000057
-0.336	0.6796000000000001	0.022700000000000012	-0.262	0.738	0.07400000000000001	0.457	0.852	0.129	0.523	0.969	0.32	0.5589999999999999	1.0	0.4804000000000006
-0.301	0.961	-0.156	-0.266	0.977	-0.145	-0.246	0.988	-0.121	-0.211	0.996	-0.078	-0.188	1.008	0.008
-0.324	0.895	-0.266	-0.289	0.957	-0.16499999999999998	-0.248	0.988	-0.09	-0.207	1.008	-0.016	-0.156	1.051	0.063
-0.355	0.8590000000000001	-0.285	-0.309	0.945	-0.204	-0.266	0.977	-0.107	-0.211	1.016	-0.004	-0.152	1.063	0.07400000000000001
-0.398	0.863	-0.281	-0.355	0.934	-0.17600000000000002	-0.293	0.965	-0.031	-0.223	1.008	0.098	-0.16	1.07	0.129
-0.359	0.867	-0.27	-0.313	0.938	-0.191	-0.27	0.98	-0.113	-0.211	1.012	-0.039	-0.156	1.063	0.078
-0.332	0.91	-0.203	-0.266	0.969	-0.156	-0.219	0.992	-0.113	-0.17600000000000002	1.004	0.0	-0.13699999999999998	1.035	0.051
-0.363	0.8316000000000001	-0.301	-0.297	0.925	-0.219	-0.238	0.977	-0.09	-0.172	1.023	0.055	-0.113	1.094	0.191
-0.281	0.961	-0.219	-0.23	0.984	-0.121	-0.191	0.996	-0.086	-0.156	1.008	-0.043	-0.129	1.023	-0.016
-0.25	0.969	-0.199	-0.199	0.984	-0.152	-0.145	0.996	-0.113	-0.047	1.008	-0.043	0.039	1.027	0.105
-0.379	0.82	-0.398	-0.328	0.902	-0.328	-0.262	0.961	-0.246	-0.191	1.012	-0.117	-0.13699999999999998	1.074400000000001	-0.031
-0.227	0.965	-0.258	-0.211	0.969	-0.234	-0.203	0.977	-0.223	-0.195	0.98	-0.219	-0.188	0.984	-0.211
-0.7809999999999999	0.6086	-0.391	-0.301	0.887	-0.35200000000000004	-0.227	0.949	-0.293	-0.199	0.969	-0.25	-0.17600000000000002	0.996	-0.141
-0.348	0.8909999999999999	-0.355	-0.246	0.953	-0.266	-0.211	0.965	-0.254	-0.207	0.969	-0.211	-0.17559999999999948	1.008	-0.129
-0.281	0.922	-0.35539999999999994	-0.254	0.941	-0.324	-0.215	0.965	-0.273	-0.191	0.977	-0.219	-0.16399999999999998	1.0	-0.1046999999999996
-0.2734	0.941	-0.32	-0.262	0.953	-0.277	-0.25	0.965	-0.254	-0.215	0.973	-0.234	-0.184	0.988	-0.199
-0.336	0.906	-0.363	-0.297	0.94025	-0.313	-0.281	0.961	-0.234	-0.23	0.977	-0.188	-0.16399999999999998	1.0	-0.117
-0.301	0.871	-0.398	-0.266	0.93	-0.355	-0.223	0.973	-0.246	-0.184	1.0	-0.117	-0.145	1.035	-0.035
-0.285	0.902	-0.379	-0.254	0.941	-0.324	-0.215	0.965	-0.27	-0.188	0.988	-0.16	-0.152	1.023	-0.004
-0.531	0.8240000000000001	-0.379	-0.434	0.871	-0.328	-0.248	0.938	-0.23	-0.168	0.977	-0.13699999999999998	-0.121	1.0590000000000002	-0.046599999999999454
-0.5589999999999999	0.805	-0.363	-0.52	0.8320000000000001	-0.309	-0.473	0.871	-0.273	-0.379	0.926	-0.223	-0.26959999999999945	0.965	-0.18
-0.3164	0.91	-0.359	-0.277	0.93	-0.355	-0.254	0.938	-0.344	-0.219	0.957	-0.309	-0.188	0.9773000000000004	-0.1906999999999996
-0.293	0.934	-0.336	-0.27	0.949	-0.313	-0.242	0.961	-0.273	-0.219	0.973	-0.23	-0.195	0.988	-0.08199999999999999
-0.266	0.949	-0.309	-0.258	0.961	-0.277	-0.242	0.988	-0.086	-0.211	1.0	-0.031	-0.188	1.008	0.043
-0.344	0.949	-0.297	-0.266	0.961	-0.246	-0.242	0.973	-0.215	-0.223	0.984	-0.141	-0.199	0.996	0.023
-0.4920000000000001	0.848	-0.3324	-0.297	0.938	-0.285	-0.234	0.973	-0.227	-0.199	0.992	-0.121	-0.172	1.008	-0.08199999999999999
-0.363	0.895	-0.355	-0.305	0.938	-0.324	-0.262	0.949	-0.297	-0.172	0.965	-0.238	-0.15959999999999944	0.992	-0.168
-0.422	0.875	-0.371	-0.395	0.93	-0.301	-0.289	0.953	-0.199	-0.203	0.977	-0.066	-0.14800000000000002	1.023	-0.02
-0.438	0.895	-0.336	-0.371	0.934	-0.316	-0.258	0.949	-0.285	-0.227	0.965	-0.195	-0.188	0.988	-0.121
-0.285	0.898	-0.355	-0.227	0.945	-0.313	-0.195	0.965	-0.281	-0.18	0.977	-0.25	-0.156	1.012	-0.098
-0.48	0.797	-0.422	-0.316	0.918	-0.348	-0.209	0.961	-0.289	-0.188	0.977	-0.233	-0.156	1.012	-0.105
-0.277	0.934	-0.35200000000000004	-0.258	0.945	-0.316	-0.254	0.98	-0.16	-0.242	0.992	-0.094	-0.219	0.996	-0.08199999999999999
-0.266	0.953	-0.30939999999999995	-0.258	0.969	-0.254	-0.246	0.977	-0.18	-0.234	0.988	-0.086	-0.219	0.992	-0.07
-0.6214	0.816	-0.238	-0.617	0.82	-0.09	-0.613	0.8240000000000001	-0.07400000000000001	-0.598	0.8320000000000001	-0.043	-0.27	0.961	-0.039
-0.625	0.813	-0.262	-0.625	0.813	-0.258	-0.625	0.813	-0.031	-0.266	0.961	-0.031	-0.254	0.965	-0.031
-0.336	0.9056	-0.35200000000000004	-0.293	0.934	-0.317	-0.246	0.953	-0.293	-0.215	0.98	-0.199	-0.184	1.004	-0.14459999999999945
-0.238	0.945	-0.336	-0.227	0.961	-0.293	-0.207	0.98	-0.199	-0.191	0.992	-0.17600000000000002	-0.16	1.004	-0.125
-0.332	0.957	-0.234	-0.324	0.969	-0.117	-0.316	0.973	-0.08199999999999999	-0.309	0.977	-0.066	-0.211	0.996	-0.004
-0.633	0.813	-0.238	-0.633	0.816	-0.086	-0.623	0.816	-0.051	-0.35425	0.934	-0.047	-0.3156999999999996	0.961	-0.047
-0.344	0.934	-0.258	-0.34	0.938	-0.254	-0.336	0.938	-0.246	-0.332	0.945	-0.238	-0.324	0.953	-0.23
-0.648	0.7929999999999999	-0.238	-0.637	0.8009999999999999	-0.219	-0.6	0.8320000000000001	-0.125	-0.336	0.949	-0.105	-0.332	0.957	-0.094
-0.6093999999999999	0.8240000000000001	-0.328	-0.32	0.926	-0.324	-0.313	0.93	-0.316	-0.301	0.934	-0.297	-0.289	0.941	-0.105
-0.5164	0.879	-0.316	-0.328	0.926	-0.316	-0.328	0.93	-0.309	-0.316	0.934	-0.297	-0.309	0.941	-0.102
-0.633	0.805	-0.305	-0.633	0.805	-0.258	-0.617	0.816	-0.08199999999999999	-0.336	0.926	-0.08199999999999999	-0.316	0.934	-0.07400000000000001
-0.344	0.922	-0.32	-0.336	0.926	-0.316	-0.332	0.93	-0.309	-0.328	0.934	-0.301	-0.313	0.941	-0.289
-0.34	0.914	-0.32	-0.332	0.926	-0.316	-0.332	0.93	-0.313	-0.316	0.938	-0.285	-0.254	0.98	-0.203
-0.316	0.9136	-0.359	-0.266	0.945	-0.305	-0.227	0.984	-0.13699999999999998	-0.199	1.0	-0.105	-0.18	1.02	-0.07
-0.379	0.898	-0.336	-0.355	0.93	-0.297	-0.281	0.949	-0.258	-0.195	0.973	-0.203	-0.16	1.004	-0.125
-0.434	0.809	-0.383	-0.316	0.8909999999999999	-0.305	-0.227	0.984	-0.156	-0.188	1.012	0.016	-0.13699999999999998	1.078	0.059
-0.461	0.855	-0.359	-0.3670000000000001	0.91	-0.246	-0.262	0.953	-0.156	-0.207	0.984	-0.094	-0.133	1.074	0.09
-0.375	0.941	-0.184	-0.324	0.969	-0.17600000000000002	-0.258	0.977	-0.156	-0.246	0.984	-0.09	-0.227	1.0	-0.016
-0.539	0.8590000000000001	-0.184	-0.535	0.867	-0.18	-0.258	0.973	-0.129	-0.25	0.98	0.098	-0.238	0.992	0.125
-0.35939999999999994	0.922	-0.184	-0.266	0.973	-0.168	-0.258	0.98	-0.152	-0.246	0.988	-0.094	-0.219	0.9964000000000004	0.047
-0.293	0.965	-0.195	-0.281	0.973	-0.16399999999999998	-0.273	0.98	-0.145	-0.266	0.984	-0.121	-0.262	0.988	-0.094
-0.645	0.8009999999999999	-0.172	-0.633	0.805	0.012	-0.633	0.809	0.031	-0.574	0.848	0.031	-0.262	0.977	0.043
-0.633	0.809	-0.207	-0.633	0.809	0.031	-0.633	0.809	0.031	-0.633	0.809	0.031	-0.258	0.969	0.031
-0.301	0.961	-0.215	-0.293	0.965	-0.203	-0.285	0.969	-0.191	-0.277	0.977	-0.16	-0.262	0.984	-0.08559999999999944
-0.332	0.941	-0.227	-0.313	0.957	-0.211	-0.293	0.965	-0.184	-0.27	0.977	-0.145	-0.23	0.992	0.004
-0.6409999999999999	0.8009999999999999	-0.215	-0.598	0.828	-0.18	-0.297	0.965	-0.156	-0.281	0.977	-0.004	-0.2455999999999995	0.984	0.012
-0.6559999999999999	0.785	0.012	-0.6559999999999999	0.789	0.039	-0.648	0.7929999999999999	0.043	-0.645	0.8009999999999999	0.051	-0.6409999999999999	0.8009999999999999	0.055
-0.711	0.7340000000000001	-0.15239999999999998	-0.703	0.742	0.039	-0.691	0.754	0.063	-0.6559999999999999	0.789	0.07	-0.25	0.973	0.07
-0.281	0.957	-0.258	-0.27	0.965	-0.215	-0.254	0.98	-0.16399999999999998	-0.227	0.992	-0.086	-0.211	1.0	0.031
-0.301	0.957	-0.223	-0.266	0.969	-0.184	-0.219	0.984	-0.117	-0.191	0.996	0.059	-0.168	1.008	0.184
-0.246	0.961	-0.273	-0.234	0.965	-0.258	-0.23	0.969	-0.246	-0.219	0.973	-0.234	-0.195	0.98	-0.215
-0.441	0.8909999999999999	-0.266	-0.414	0.914	-0.238	-0.348	0.957	-0.203	-0.219	0.988	-0.129	-0.184	1.0	0.016
-0.434	0.895	-0.273	-0.3670000000000001	0.945	-0.254	-0.266	0.965	-0.223	-0.242	0.973	-0.19399999999999998	-0.223	0.984	-0.145
-0.332	0.8906	-0.328	-0.293	0.945	-0.266	-0.258	0.969	-0.195	-0.211	0.996	-0.055	-0.172	1.043	0.078
-0.359	0.8240000000000001	-0.35200000000000004	-0.298	0.93	-0.262	-0.258	0.973	-0.152	-0.199	1.016	-0.031	-0.145	1.094	0.055
-0.867	0.5429999999999999	-0.293	-0.8440000000000001	0.594	-0.188	-0.5660000000000001	0.8440000000000001	-0.133	-0.328	0.918	-0.09	-0.211	0.992	-0.043
-0.4103999999999999	0.863	-0.371	-0.363	0.906	-0.316	-0.28300000000000003	0.941	-0.258	-0.234	0.98	-0.078	-0.172	1.043	0.059
-0.438	0.879	-0.336	-0.387	0.898	-0.32	-0.273	0.938	-0.316	-0.246	0.953	-0.301	-0.223	0.961	-0.285
-0.32	0.918	-0.344	-0.301	0.965	-0.235	-0.285	0.977	-0.129	-0.242	0.992	-0.094	-0.184	1.0203000000000004	-0.043
-0.348	0.961	-0.156	-0.332	0.965	-0.133	-0.313	0.969	-0.117	-0.301	0.977	-0.105	-0.293	0.98	-0.094
-0.332	0.961	-0.254	-0.324	0.965	-0.234	-0.273	0.969	-0.219	-0.25	0.973	-0.078	-0.23359999999999945	0.98	-0.063
-0.449	0.926	-0.2384	-0.359	0.949	-0.191	-0.332	0.961	-0.152	-0.266	0.969	-0.109	-0.234	0.984	0.039
-0.359	0.949	-0.258	-0.336	0.957	-0.246	-0.293	0.961	-0.215	-0.266	0.969	-0.14800000000000002	-0.25	0.977	-0.129
-0.324	0.949	-0.242	-0.297	0.961	-0.227	-0.281	0.965	-0.207	-0.266	0.977	-0.17600000000000002	-0.254	0.984	-0.125
-0.648	0.8009999999999999	0.004	-0.637	0.805	0.016	-0.625	0.813	0.023	-0.613	0.82	0.035	-0.605	0.828	0.043
-0.598	0.8320000000000001	-0.219	-0.301	0.949	-0.211	-0.234	0.977	-0.191	-0.215	0.988	-0.012	-0.195	0.996	0.066
-0.324	0.887	-0.34439999999999993	-0.285	0.934	-0.293	-0.242	0.977	-0.156	-0.191	1.004	-0.047	-0.145	1.051	0.016
-0.441	0.863	-0.301	-0.309	0.934	-0.238	-0.234	0.969	-0.195	-0.203	0.996	-0.062	-0.16399999999999998	1.051	0.051
-0.254	0.965	-0.25	-0.242	0.969	-0.234	-0.23	0.973	-0.223	-0.211	0.988	-0.145	-0.195	1.0	-0.055
-0.426	0.852	-0.383	-0.344	0.93	-0.32	-0.262	0.961	-0.254	-0.23	0.98	-0.16	-0.191	1.0	-0.086
-0.35200000000000004	0.941	-0.25	-0.336	0.961	-0.207	-0.32	0.969	-0.14800000000000002	-0.242	0.98	-0.094	-0.199	1.0	-0.063
-0.223	0.984	-0.16	-0.204	0.992	-0.078	-0.18	1.0	-0.031	-0.16	1.008	0.023	-0.141	1.016	0.043
-0.227	0.961	-0.289	-0.207	0.973	-0.238	-0.188	0.984	-0.211	-0.16	1.0	-0.156	-0.13699999999999998	1.008	-0.07
-0.273	0.953	-0.266	-0.25	0.965	-0.254	-0.227	0.969	-0.234	-0.20600000000000002	0.98	-0.219	-0.191	0.992	-0.18759999999999946
-0.324	0.914	-0.34	-0.29	0.961	-0.246	-0.242	0.973	-0.199	-0.199	0.988	-0.13599999999999998	-0.14800000000000002	1.023	-0.086
-0.516	0.871	-0.195	-0.422	0.93	-0.152	-0.293	0.973	-0.102	-0.262	0.988	-0.012	-0.23	1.0	0.03540000000000055
-0.258	0.945	-0.316	-0.234	0.957	-0.297	-0.219	0.965	-0.285	-0.199	0.969	-0.266	-0.184	0.977	-0.254
-0.305	0.8909999999999999	-0.371	-0.262	0.949	-0.297	-0.227	0.969	-0.246	-0.188	0.996	-0.13699999999999998	-0.129	1.035	-0.02
-0.375	0.883	-0.35200000000000004	-0.34	0.918	-0.309	-0.258	0.965	-0.246	-0.211	0.988	-0.16399999999999998	-0.152	1.035	-0.015599999999999456
-0.316	0.84	-0.371	-0.285	0.938	-0.313	-0.238	0.965	-0.25	-0.191	1.004	-0.129	-0.14459999999999945	1.063	0.004
-0.355	0.828	-0.398	-0.305	0.938	-0.309	-0.254	0.973	-0.199	-0.188	1.008	-0.09	-0.13699999999999998	1.0659999999999998	0.0
-0.879	0.512	-0.3404	-0.8320000000000001	0.586	-0.211	-0.723	0.711	-0.16399999999999998	-0.276	0.945	-0.121	-0.203	0.996	-0.07
-0.965	0.203	-0.223	-0.93	0.36200000000000004	-0.207	-0.855	0.551	-0.184	-0.8240000000000001	0.5820000000000001	-0.141	-0.805	0.625	-0.094
-0.926	0.4016000000000001	-0.219	-0.883	0.512	-0.199	-0.8440000000000001	0.57	-0.184	-0.7929999999999999	0.633	-0.16399999999999998	-0.758	0.652	-0.141
-0.973	0.246	-0.195	-0.9309999999999999	0.41700000000000004	-0.17600000000000002	-0.8009999999999999	0.633	-0.145	-0.762	0.6679999999999999	-0.117	-0.75	0.688	-0.094
-0.977	0.17600000000000002	-0.23	-0.941	0.371	-0.184	-0.828	0.586	-0.129	-0.7190000000000001	0.7190000000000001	-0.059	-0.3475999999999994	0.938	-0.027000000000000003
-0.35200000000000004	0.926	-0.32	-0.309	0.941	-0.25	-0.27	0.961	-0.211	-0.23	0.984	-0.17600000000000002	-0.199	1.004	-0.145
-0.82	0.625	-0.246	-0.758	0.6759999999999999	-0.184	-0.281	0.953	-0.13699999999999998	-0.211	0.992	-0.086	-0.16399999999999998	1.023	0.07440000000000055
-0.863	0.539	-0.184	-0.805	0.629	-0.14800000000000002	-0.758	0.684	-0.102	-0.14800000000000002	0.988	-0.066	-0.105	1.008	0.129
-0.30539999999999995	0.945	-0.273	-0.223	0.973	-0.227	-0.141	0.992	-0.17600000000000002	-0.098	1.004	-0.125	-0.078	1.02	-0.027000000000000003
-0.102	0.941	-0.281	-0.051	0.973	-0.238	0.039	0.992	-0.16399999999999998	0.09	1.008	-0.07400000000000001	0.145	1.039	0.06640000000000056
-0.02	0.895	-0.332	0.035	0.969	-0.242	0.098	0.982	-0.195	0.133	1.004	-0.141	0.16	1.055	-0.051
-0.078	0.895	-0.32	-0.023	0.965	-0.255	0.035	0.992	-0.172	0.09	1.023	-0.098	0.14800000000000002	1.0659999999999998	0.008
-0.391	0.6990000000000001	-0.469	-0.293	0.8590000000000001	-0.363	-0.086	0.949	-0.184	0.039	1.016	-0.027000000000000003	0.14840000000000056	1.09	0.20340000000000052
-0.406	0.836	-0.469	-0.363	0.863	-0.434	-0.336	0.879	-0.414	-0.313	0.895	-0.391	-0.293	0.918	-0.3585999999999994
-0.402	0.805	-0.5	-0.379	0.8590000000000001	-0.445	-0.35200000000000004	0.879	-0.406	-0.31525000000000003	0.895	-0.379	-0.285	0.922	-0.344
-0.426	0.855	-0.48	-0.41	0.895	-0.355	-0.35200000000000004	0.926	-0.285	-0.305	0.938	-0.191	-0.281	0.957	-0.18
-0.43	0.879	-0.41	-0.418	0.902	-0.359	-0.387	0.922	-0.238	-0.34	0.934	-0.191	-0.297	0.941	-0.184
-0.383	0.836	-0.496	-0.332	0.8590000000000001	-0.465	-0.305	0.879	-0.441	-0.273	0.906	-0.398	-0.246	0.957	-0.289
-0.379	0.875	-0.402	-0.332	0.9209999999999999	-0.336	-0.313	0.938	-0.285	-0.289	0.953	-0.254	-0.254	0.969	-0.22659999999999944
-0.406	0.84	-0.4533999999999999	-0.383	0.922	-0.355	-0.332	0.941	-0.266	-0.238	0.961	-0.152	-0.18	0.988	-0.133
-0.77	0.602	-0.5	-0.387	0.789	-0.445	-0.309	0.895	-0.35200000000000004	-0.238	0.969	-0.25	-0.16399999999999998	1.035	-0.184
-0.332	0.855	-0.496	-0.309	0.898	-0.407	-0.246	0.938	-0.32	-0.199	0.961	-0.27	-0.152	1.0	-0.203
-0.359	0.82	-0.52	-0.336	0.84	-0.4920000000000001	-0.289	0.914	-0.379	-0.266	0.961	-0.254	-0.2296999999999996	0.973	-0.223
-0.266	0.867	-0.484	-0.246	0.898	-0.434	-0.234	0.945	-0.332	-0.195	0.961	-0.27	-0.168	0.973	-0.227
-0.43	0.8240000000000001	-0.508	-0.363	0.879	-0.418	-0.293	0.926	-0.305	-0.223	0.961	-0.203	-0.125	1.012	-0.113
0.0	0.914	-0.395	0.07400000000000001	0.934	-0.355	0.113	0.957	-0.316	0.121	0.965	-0.289	0.18	0.984	-0.215
0.113	0.957	-0.309	0.113	0.957	-0.309	0.113	0.957	-0.309	0.113	0.957	-0.309	0.113	0.957	-0.309
0.113	0.957	-0.309	0.113	0.957	-0.309	0.113	0.957	-0.309	0.113	0.957	-0.309	0.113	0.957	-0.309
0.113	0.957	-0.309	0.113	0.957	-0.309	0.113	0.957	-0.309	0.113	0.957	-0.309	0.113	0.957	-0.309
0.129	0.945	-0.324	0.13699999999999998	0.945	-0.324	0.13699999999999998	0.945	-0.324	0.13699999999999998	0.949	-0.324	0.13699999999999998	0.957	-0.32
0.13699999999999998	0.945	-0.324	0.13699999999999998	0.945	-0.324	0.13699999999999998	0.945	-0.324	0.13699999999999998	0.945	-0.324	0.13699999999999998	0.945	-0.324
0.13699999999999998	0.945	-0.324	0.13699999999999998	0.945	-0.324	0.13699999999999998	0.945	-0.324	0.13699999999999998	0.945	-0.324	0.13699999999999998	0.945	-0.324
0.098	0.969	-0.23	0.113	0.973	-0.223	0.121	0.977	-0.223	0.121	0.98	-0.219	0.141	0.984	-0.207
0.121	0.98	-0.219	0.121	0.98	-0.219	0.121	0.98	-0.219	0.121	0.98	-0.219	0.121	0.98	-0.219
0.121	0.98	-0.219	0.121	0.98	-0.219	0.121	0.98	-0.219	0.121	0.98	-0.219	0.121	0.98	-0.219
0.121	0.98	-0.219	0.121	0.98	-0.219	0.121	0.98	-0.219	0.121	0.98	-0.219	0.121	0.98	-0.219
0.11790000000000014	0.98	-0.219	0.121	0.98	-0.219	0.121	0.98	-0.219	0.121	0.98	-0.219	0.121	0.98	-0.21509999999999466
0.09	0.98	-0.188	0.094	0.98	-0.188	0.102	0.984	-0.188	0.105	0.988	-0.184	0.105	0.992	-0.18
0.105	0.98	-0.188	0.105	0.98	-0.188	0.105	0.98	-0.188	0.105	0.98	-0.188	0.105	0.98	-0.188
0.105	0.98	-0.188	0.105	0.98	-0.188	0.105	0.98	-0.188	0.105	0.98	-0.188	0.105	0.98	-0.188
-0.613	0.777	-0.285	0.023	0.953	-0.203	0.105	0.98	-0.188	0.105	0.98	-0.188	0.156	0.988	-0.156
-0.4224	0.871	-0.395	-0.348	0.906	-0.355	-0.277	0.938	-0.313	-0.246	0.953	-0.266	-0.219	0.992	-0.199
-0.445	0.84	-0.422	-0.35200000000000004	0.895	-0.375	-0.297	0.938	-0.32	-0.117	0.965	-0.254	0.09	0.988	-0.16399999999999998
-0.07439999999999998	0.9606	-0.32	-0.066	0.965	-0.301	-0.051	0.98	-0.234	-0.016	1.008	-0.066	0.121	1.016	-0.063
-0.07	1.0	-0.109	-0.07	1.004	-0.07400000000000001	-0.02	1.008	-0.066	0.0	1.012	0.012	0.039	1.02	0.02
-0.273	0.918	-0.258	-0.184	0.98	-0.184	-0.066	1.004	-0.102	-0.051	1.016	-0.09	-0.012	1.035	-0.031
-0.426	0.852	-0.422	-0.324	0.898	-0.395	-0.25	0.959	-0.25	-0.215	0.996	-0.08199999999999999	-0.191	1.0044000000000006	-0.059
-0.254	0.918	-0.391	-0.23	0.938	-0.355	-0.207	0.961	-0.316	-0.191	0.988	-0.129	-0.172	1.004	-0.08199999999999999
-0.281	0.922	-0.379	-0.242	0.938	-0.348	-0.207	0.953	-0.32	-0.191	0.965	-0.301	-0.17600000000000002	0.969	-0.273
-0.434	0.7809999999999999	-0.484	-0.363	0.875	-0.426	-0.277	0.922	-0.355	-0.227	0.961	-0.273	-0.156	1.008	-0.184
-0.371	0.816	-0.465	-0.301	0.914	-0.359	-0.17600000000000002	0.969	-0.199	0.16	0.98	-0.17600000000000002	0.16399999999999998	1.023	-0.105
0.125	0.969	-0.184	0.13699999999999998	0.977	-0.17600000000000002	0.16	0.984	-0.145	0.172	0.988	-0.133	0.195	0.992	-0.125
0.141	0.977	-0.18	0.14800000000000002	0.98	-0.172	0.14800000000000002	0.98	-0.172	0.152	0.98	-0.14800000000000002	0.156	0.984	-0.145
0.14800000000000002	0.98	-0.172	0.14800000000000002	0.98	-0.172	0.14800000000000002	0.98	-0.172	0.14800000000000002	0.98	-0.172	0.14800000000000002	0.98	-0.172
0.14800000000000002	0.98	-0.172	0.14800000000000002	0.98	-0.172	0.14800000000000002	0.98	-0.172	0.14800000000000002	0.98	-0.172	0.14800000000000002	0.98	-0.172
0.14800000000000002	0.965	-0.223	0.14800000000000002	0.969	-0.219	0.156	0.973	-0.211	0.16	0.98	-0.172	0.16399999999999998	0.98	-0.172
0.023	0.949	-0.285	0.098	0.969	-0.246	0.133	0.973	-0.23	0.16	0.98	-0.211	0.195	0.996	-0.184
0.109	0.953	-0.289	0.117	0.965	-0.281	0.125	0.973	-0.223	0.133	0.973	-0.223	0.191	0.977	-0.219
0.133	0.941	-0.285	0.133	0.945	-0.285	0.211	0.945	-0.277	0.215	0.973	-0.223	0.219	0.973	-0.223
0.125	0.945	-0.293	0.133	0.957	-0.277	0.13699999999999998	0.977	-0.172	0.168	0.98	-0.172	0.203	0.984	-0.168
-0.789	0.621	-0.297	-0.688	0.7070000000000001	-0.238	0.102	0.977	-0.207	0.109	0.984	-0.199	0.13699999999999998	0.984	-0.156
-0.535	0.754	-0.449	-0.414	0.855	-0.422	-0.336	0.8909999999999999	-0.348	-0.285	0.941	-0.25	-0.211	0.988	-0.1906999999999996
-0.32	0.895	-0.406	-0.266	0.926	-0.3670000000000001	-0.254	0.957	-0.277	-0.238	0.965	-0.254	-0.215	0.977	-0.219
-0.3164	0.8977	-0.387	-0.285	0.926	-0.363	-0.262	0.953	-0.285	-0.242	0.965	-0.242	-0.215	0.977	-0.207
-0.805	0.605	-0.246	-0.8009999999999999	0.609	-0.234	-0.797	0.613	-0.223	-0.789	0.621	-0.219	-0.773	0.6409999999999999	-0.219
-0.789	0.613	-0.35200000000000004	-0.777	0.629	-0.266	-0.77	0.6409999999999999	-0.25	-0.73	0.68	-0.238	-0.375	0.871	-0.23
-0.402	0.836	-0.461	-0.32	0.875	-0.434	-0.242	0.922	-0.3965	-0.199	0.945	-0.35200000000000004	-0.18	0.965	-0.32
-0.375	0.836	-0.473	-0.293	0.91	-0.391	-0.258	0.949	-0.313	-0.203	0.965	-0.277	-0.168	0.98	-0.223
-0.316	0.934	-0.32	-0.293	0.957	-0.266	-0.262	0.965	-0.242	-0.246	0.973	-0.207	-0.227	0.98	-0.152
-0.758	0.648	-0.441	-0.754	0.652	-0.332	-0.7340000000000001	0.66	-0.238	-0.305	0.898	-0.234	-0.262	0.965	-0.16399999999999998
-0.82	0.59	-0.238	-0.7929999999999999	0.613	-0.238	-0.785	0.625	-0.238	-0.7340000000000001	0.66	-0.23	-0.7340000000000001	0.66	-0.215
-0.82	0.5820000000000001	-0.32	-0.816	0.5820000000000001	-0.23	-0.809	0.59	-0.227	-0.276	0.914	-0.223	-0.23	0.973	-0.199
-0.355	0.953	-0.184	-0.344	0.961	-0.141	-0.332	0.965	-0.105	-0.309	0.973	-0.086	-0.289	0.984	-0.078
-0.758	0.6409999999999999	-0.285	-0.754	0.6409999999999999	-0.258	-0.75	0.652	-0.254	-0.601	0.773	-0.246	-0.301	0.965	-0.156
-0.809	0.598	-0.262	-0.805	0.602	-0.25	-0.8009999999999999	0.609	-0.238	-0.754	0.645	-0.234	-0.7185999999999996	0.695	-0.2296999999999996
-0.8009999999999999	0.602	-0.234	-0.8009999999999999	0.602	-0.234	-0.8009999999999999	0.602	-0.234	-0.8009999999999999	0.602	-0.234	-0.8009999999999999	0.602	-0.234
-0.816	0.586	-0.285	-0.809	0.598	-0.246	-0.805	0.602	-0.234	-0.8009999999999999	0.605	-0.227	-0.7929999999999999	0.609	-0.215
-0.805	0.605	-0.234	-0.805	0.605	-0.234	-0.805	0.605	-0.234	-0.805	0.605	-0.234	-0.797	0.613	-0.234
-0.813	0.598	-0.3833999999999999	-0.813	0.598	-0.25	-0.809	0.598	-0.242	-0.6399999999999999	0.7200000000000001	-0.242	-0.363	0.8834000000000005	-0.227
-0.746	0.6366	-0.449	-0.445	0.879	-0.418	-0.285	0.926	-0.355	-0.199	0.949	-0.28	-0.17600000000000002	0.965	-0.168
-0.27	0.906	-0.438	-0.227	0.941	-0.35200000000000004	-0.195	0.961	-0.297	-0.172	0.973	-0.258	-0.152	0.984	-0.211
-0.2584	0.898	-0.43	-0.211	0.945	-0.344	-0.184	0.965	-0.297	-0.168	0.969	-0.27	-0.14800000000000002	0.992	-0.223
-0.246	0.902	-0.418	-0.215	0.957	-0.324	-0.188	0.973	-0.25	-0.16	0.988	-0.215	-0.145	1.0	-0.152
-0.207	0.965	-0.285	-0.195	0.973	-0.242	-0.188	0.98	-0.215	-0.172	0.988	-0.188	-0.16	0.996	-0.18
-0.219	0.914	-0.43	-0.191	0.938	-0.375	-0.172	0.961	-0.324	-0.156	0.984	-0.199	-0.141	0.996	-0.184
-0.223	0.949	-0.344	-0.203	0.961	-0.277	-0.191	0.973	-0.238	-0.16699999999999998	0.984	-0.207	-0.14800000000000002	1.0	-0.17600000000000002
-0.207	0.922	-0.402	-0.195	0.941	-0.359	-0.184	0.973	-0.27	-0.168	0.988	-0.172	-0.14800000000000002	0.996	-0.16
-0.238	0.898	-0.441	-0.207	0.918	-0.414	-0.18	0.949	-0.355	-0.14800000000000002	0.969	-0.293	-0.121	0.988	-0.223
-0.355	0.863	-0.434	-0.35200000000000004	0.867	-0.422	-0.32	0.883	-0.414	-0.168	0.961	-0.319	-0.129	0.984	-0.227
-0.395	0.863	-0.43	-0.355	0.887	-0.414	-0.207	0.926	-0.324	-0.168	0.961	-0.289	-0.152	0.973	-0.258
-0.539	0.805	-0.391	-0.516	0.813	-0.375	-0.477	0.8320000000000001	-0.355	-0.301	0.934	-0.336	-0.16399999999999998	0.953	-0.227
-0.48	0.813	-0.414	-0.473	0.8240000000000001	-0.406	-0.375	0.934	-0.281	-0.355	0.938	-0.191	-0.336	0.945	-0.188
-0.383	0.871	-0.43	-0.344	0.895	-0.3670000000000001	-0.324	0.941	-0.289	-0.199	0.957	-0.25	-0.14800000000000002	0.996	-0.223
-0.3670000000000001	0.7659999999999999	-0.512	-0.316	0.887	-0.41	-0.27	0.949	-0.313	-0.20600000000000002	0.98	-0.215	-0.117	1.043	-0.16399999999999998
-0.355	0.789	-0.434	-0.293	0.926	-0.35200000000000004	-0.242	0.957	-0.258	-0.17600000000000002	1.004	-0.133	-0.094	1.063	-0.047
-0.2703	0.852	-0.3914	-0.18	0.93	-0.242	0.055	0.977	-0.184	0.152	1.008	-0.078	0.266	1.0590000000000002	0.012
0.117	0.934	-0.23	0.145	0.957	-0.219	0.16399999999999998	0.969	-0.203	0.238	0.977	-0.16	0.273	0.996	-0.121
0.129	0.895	-0.328	0.152	0.914	-0.219	0.234	0.949	-0.17600000000000002	0.305	0.98	-0.145	0.387	0.996	-0.09
0.387	0.895	-0.18	0.387	0.898	-0.168	0.387	0.91	-0.152	0.391	0.91	-0.152	0.395	0.91	-0.152
0.387	0.898	-0.152	0.391	0.898	-0.047	0.402	0.902	-0.043	0.402	0.91	-0.043	0.402	0.914	-0.043
0.387	0.898	-0.07	0.391	0.902	-0.063	0.398	0.91	-0.055	0.402	0.914	-0.043	0.402	0.922	-0.043
0.379	0.895	-0.09	0.387	0.902	-0.078	0.395	0.91	-0.063	0.398	0.918	-0.051	0.402	0.926	-0.039
0.383	0.91	-0.051	0.391	0.918	-0.039	0.402	0.918	-0.031	0.402	0.918	-0.031	0.402	0.918	-0.031
0.145	0.918	-0.219	0.16	0.918	-0.133	0.17600000000000002	0.977	-0.102	0.263	0.988	-0.078	0.402	1.0	-0.031
0.121	0.969	-0.133	0.141	0.98	-0.121	0.16	0.988	-0.113	0.172	0.996	-0.102	0.188	1.0	-0.09
0.133	0.926	-0.2734	0.16	0.957	-0.246	0.172	0.965	-0.23	0.195	0.977	-0.16399999999999998	0.223	0.988	-0.121
0.109	0.973	-0.184	0.121	0.977	-0.184	0.129	0.98	-0.172	0.145	0.988	-0.16399999999999998	0.16	0.996	-0.152
0.086	0.969	-0.16399999999999998	0.102	0.98	-0.152	0.145	0.988	-0.141	0.16399999999999998	0.996	-0.125	0.18	1.004	-0.117
0.098	0.973	-0.168	0.109	0.984	-0.156	0.125	0.992	-0.133	0.145	0.996	-0.113	0.16	1.004	-0.098
0.09	0.965	-0.203	0.105	0.977	-0.191	0.129	0.984	-0.16399999999999998	0.157	0.992	-0.152	0.207	0.996	-0.13699999999999998
0.09	0.98	-0.207	0.105	0.98	-0.207	0.117	0.98	-0.203	0.121	0.988	-0.18	0.121	0.996	-0.168
0.09	0.93	-0.313	0.121	0.945	-0.23	0.141	0.98	-0.203	0.242	0.988	-0.171	0.254	0.996	-0.117
0.09	0.98	-0.195	0.098	0.984	-0.188	0.102	0.988	-0.188	0.125	0.988	-0.156	0.13699999999999998	0.996	-0.14800000000000002
0.105	0.973	-0.18	0.117	0.98	-0.172	0.125	0.984	-0.16	0.14800000000000002	0.992	-0.152	0.16	0.996	-0.141
0.086	0.977	-0.188	0.098	0.984	-0.18	0.121	0.992	-0.16	0.129	0.996	-0.121	0.13699999999999998	1.0	-0.113
0.09	0.984	-0.16	0.098	0.988	-0.156	0.105	0.992	-0.152	0.109	0.996	-0.14725000000000002	0.113	1.0	-0.13699999999999998
0.09	0.977	-0.156	0.109	0.984	-0.152	0.121	0.992	-0.145	0.13699999999999998	0.996	-0.105	0.156	1.0	-0.086
0.055	0.973	-0.191	0.117	0.98	-0.184	0.129	0.984	-0.16	0.145	0.992	-0.152	0.16	1.0	-0.141
0.117	0.977	-0.195	0.125	0.977	-0.188	0.129	0.977	-0.188	0.133	0.984	-0.152	0.145	0.996	-0.13699999999999998
0.09	0.965	-0.18	0.105	0.977	-0.168	0.121	0.992	-0.14800000000000002	0.168	0.996	-0.133	0.191	1.0	-0.117
0.09	0.98	-0.184	0.09	0.984	-0.152	0.113	0.992	-0.141	0.129	0.992	-0.133	0.13699999999999998	1.0	-0.117
0.07	0.984	-0.168	0.09	0.988	-0.152	0.105	0.996	-0.145	0.129	0.996	-0.117	0.145	1.0	-0.102
0.09	0.949	-0.16399999999999998	0.125	0.949	-0.117	0.297	0.953	-0.055	0.301	0.988	-0.055	0.301	1.0	-0.051
0.06960000000000002	0.918	-0.156	0.35200000000000004	0.926	-0.109	0.363	0.926	-0.08199999999999999	0.3670000000000001	0.934	-0.078	0.3670000000000001	0.992	-0.07400000000000001
0.35990000000000016	0.902	-0.16399999999999998	0.375	0.906	-0.156	0.375	0.914	-0.14800000000000002	0.379	0.914	-0.14800000000000002	0.383	0.9264000000000004	-0.145
0.07400000000000001	0.984	-0.17600000000000002	0.09	0.988	-0.168	0.098	0.992	-0.152	0.113	0.996	-0.14800000000000002	0.121	1.0	-0.13699999999999998
0.105	0.914	-0.238	0.121	0.93	-0.17600000000000002	0.16399999999999998	0.977	-0.152	0.316	0.98	-0.152	0.363	0.992	-0.102
0.059	0.918	-0.156	0.109	0.934	-0.14800000000000002	0.14650000000000002	0.98	-0.129	0.332	0.996	-0.113	0.359	1.0	-0.078
0.09	0.977	-0.14800000000000002	0.105	0.984	-0.145	0.125	0.992	-0.141	0.141	0.996	-0.133	0.156	1.0	-0.125
0.121	0.973	-0.16399999999999998	0.125	0.98	-0.16	0.133	0.984	-0.152	0.145	0.992	-0.141	0.16840000000000055	0.996	-0.129
0.129	0.992	-0.133	0.129	0.992	-0.133	0.129	0.992	-0.133	0.129	0.992	-0.133	0.129	0.992	-0.133
0.129	0.992	-0.133	0.129	0.992	-0.133	0.129	0.992	-0.133	0.129	0.992	-0.133	0.129	0.992	-0.133
0.15560000000000002	0.855	-0.391	0.301	0.926	-0.207	0.324	0.93	-0.145	0.35200000000000004	0.934	-0.117	0.359	0.98	-0.08199999999999999
0.32	0.926	-0.156	0.324	0.93	-0.113	0.336	0.93	-0.109	0.359	0.938	-0.09	0.359	0.941	-0.08199999999999999
0.305	0.922	-0.18	0.309	0.93	-0.172	0.316	0.934	-0.16399999999999998	0.325	0.938	-0.156	0.336	0.941	-0.145
0.309	0.9216	-0.168	0.316	0.926	-0.16	0.324	0.93	-0.152	0.332	0.938	-0.141	0.348	0.941	-0.121
0.09	0.922	-0.152	0.305	0.93	-0.14800000000000002	0.32	0.934	-0.117	0.332	0.949	-0.066	0.3670000000000001	0.996	0.016
0.336	0.902	-0.059	0.3670000000000001	0.918	-0.02075	0.375	0.922	0.0	0.379	0.926	0.008	0.402	0.941	0.016
0.3670000000000001	0.91	0.008	0.383	0.91	0.043	0.383	0.91	0.043	0.387	0.918	0.047	0.391	0.926	0.055
0.379	0.898	0.09	0.387	0.902	0.098	0.395	0.902	0.098	0.395	0.902	0.098	0.395	0.91	0.105
0.395	0.902	0.098	0.395	0.902	0.098	0.395	0.902	0.098	0.395	0.902	0.098	0.395	0.902	0.098
0.395	0.902	0.098	0.395	0.902	0.098	0.395	0.902	0.098	0.395	0.902	0.098	0.395	0.902	0.098
0.102	0.902	0.027000000000000003	0.113	0.902	0.066	0.395	0.906	0.08199999999999999	0.395	0.996	0.098	0.406	1.0	0.098
0.113	1.0	0.055	0.117	1.0	0.07400000000000001	0.117	1.0	0.07400000000000001	0.117	1.0	0.07400000000000001	0.117	1.0	0.07400000000000001
0.113	0.992	0.051	0.117	0.992	0.051	0.117	0.992	0.051	0.117	0.992	0.051	0.1292000000000112	0.996	0.059
0.3670000000000001	0.883	0.219	0.3670000000000001	0.883	0.227	0.371	0.883	0.23	0.371	0.883	0.23	0.371	0.8909999999999999	0.23
0.371	0.883	0.23	0.371	0.883	0.23	0.371	0.883	0.23	0.371	0.883	0.23	0.371	0.883	0.23
0.371	0.883	0.23	0.371	0.883	0.23	0.371	0.883	0.23	0.371	0.883	0.23	0.371	0.883	0.23
0.371	0.883	0.23	0.371	0.883	0.23	0.371	0.883	0.23	0.371	0.883	0.23	0.371	0.883	0.23
0.371	0.883	0.23	0.371	0.883	0.23	0.371	0.883	0.23	0.371	0.883	0.23	0.371	0.883	0.23
0.371	0.883	0.23	0.371	0.883	0.23	0.371	0.883	0.23	0.371	0.883	0.23	0.371	0.883	0.23
0.371	0.883	0.23	0.371	0.883	0.23	0.371	0.883	0.23	0.371	0.883	0.23	0.371	0.883	0.23
0.371	0.883	0.23	0.371	0.883	0.23	0.371	0.883	0.23	0.371	0.883	0.23	0.371	0.883	0.23
0.371	0.883	0.23	0.371	0.883	0.23	0.371	0.883	0.23	0.371	0.883	0.23	0.371	0.883	0.23
0.371	0.883	0.23	0.371	0.883	0.23	0.371	0.883	0.23	0.371	0.883	0.23	0.371	0.883	0.23
0.371	0.883	0.23	0.371	0.883	0.23	0.371	0.883	0.23	0.371	0.883	0.23	0.371	0.883	0.23
0.113	0.883	-0.086	0.371	0.883	0.23	0.371	0.883	0.23	0.371	0.883	0.23	0.371	1.0	0.23
0.434	0.691	-0.328	0.625	0.691	-0.32	0.6409999999999999	0.691	-0.313	0.645	0.6990000000000001	-0.313	0.645	0.895	-0.047
0.648	0.691	-0.289	0.648	0.695	-0.281	0.648	0.695	-0.27	0.648	0.695	-0.27	0.648	0.695	-0.27
0.617	0.691	-0.332	0.625	0.695	-0.32	0.633	0.695	-0.27	0.648	0.703	-0.27	0.648	0.758	-0.098
0.594	0.6990000000000001	-0.32	0.602	0.6990000000000001	-0.32	0.633	0.6990000000000001	-0.32	0.633	0.754	-0.23	0.633	0.758	-0.223
0.598	0.75	-0.223	0.598	0.754	-0.223	0.598	0.758	-0.219	0.605	0.758	-0.203	0.609	0.762	-0.195
0.59	0.758	-0.207	0.602	0.758	-0.203	0.605	0.758	-0.203	0.605	0.762	-0.191	0.605	0.77	-0.18
0.602	0.762	-0.172	0.605	0.7659999999999999	-0.172	0.605	0.7659999999999999	-0.172	0.605	0.7659999999999999	-0.152	0.609	0.77	-0.14800000000000002
0.609	0.7659999999999999	-0.152	0.609	0.7659999999999999	-0.152	0.609	0.7659999999999999	-0.152	0.609	0.7659999999999999	-0.152	0.609	0.7659999999999999	-0.152
0.609	0.711	-0.215	0.609	0.7659999999999999	-0.152	0.609	0.7659999999999999	-0.152	0.609	0.7659999999999999	-0.152	0.648	0.7659999999999999	-0.152
0.648	0.703	-0.223	0.652	0.7070000000000001	-0.219	0.652	0.711	-0.219	0.652	0.711	-0.219	0.652	0.711	-0.215
0.652	0.711	-0.219	0.652	0.711	-0.219	0.652	0.711	-0.219	0.652	0.711	-0.219	0.652	0.711	-0.219
0.6409999999999999	0.711	-0.23	0.645	0.711	-0.223	0.645	0.711	-0.223	0.648	0.711	-0.219	0.652	0.715	-0.219
0.6409999999999999	0.7340000000000001	-0.145	0.6409999999999999	0.738	-0.145	0.6409999999999999	0.738	-0.145	0.6409999999999999	0.738	-0.13699999999999998	0.645	0.738	-0.125
0.617	0.6990000000000001	-0.258	0.625	0.7190000000000001	-0.234	0.637	0.73	-0.195	0.6409999999999999	0.738	-0.145	0.664	0.746	-0.105
0.648	0.652	-0.359	0.652	0.6559999999999999	-0.35200000000000004	0.66	0.6559999999999999	-0.34	0.66	0.6559999999999999	-0.34	0.66	0.6679999999999999	-0.34
0.652	0.6559999999999999	-0.34	0.6559999999999999	0.6679999999999999	-0.317	0.66	0.6759999999999999	-0.293	0.664	0.6759999999999999	-0.289	0.6679999999999999	0.688	-0.281
0.6559999999999999	0.6759999999999999	-0.293	0.6559999999999999	0.6759999999999999	-0.293	0.6559999999999999	0.6759999999999999	-0.293	0.6559999999999999	0.6759999999999999	-0.293	0.6559999999999999	0.6759999999999999	-0.293
0.629	0.578	-0.516	0.633	0.59	-0.504	0.6559999999999999	0.6759999999999999	-0.293	0.6559999999999999	0.6759999999999999	-0.293	0.6559999999999999	0.6759999999999999	-0.293
0.629	0.531	-0.555	0.633	0.586	-0.5	0.633	0.59	-0.496	0.633	0.59	-0.496	0.645	0.59	-0.496
0.648	0.527	-0.555	0.648	0.527	-0.551	0.648	0.527	-0.551	0.648	0.527	-0.551	0.648	0.527	-0.551
0.648	0.527	-0.551	0.648	0.527	-0.551	0.648	0.527	-0.551	0.648	0.527	-0.551	0.648	0.527	-0.551
0.648	0.527	-0.551	0.648	0.527	-0.551	0.648	0.527	-0.551	0.648	0.527	-0.551	0.648	0.527	-0.551
0.648	0.527	-0.551	0.648	0.527	-0.551	0.648	0.527	-0.551	0.648	0.527	-0.551	0.648	0.527	-0.551
0.648	0.527	-0.551	0.648	0.527	-0.551	0.648	0.527	-0.551	0.648	0.527	-0.551	0.648	0.527	-0.551
0.648	0.527	-0.551	0.648	0.527	-0.551	0.648	0.527	-0.551	0.648	0.527	-0.551	0.648	0.527	-0.551
0.648	0.527	-0.551	0.648	0.527	-0.551	0.648	0.527	-0.551	0.648	0.527	-0.551	0.648	0.527	-0.551
0.648	0.527	-0.551	0.648	0.527	-0.551	0.648	0.527	-0.551	0.648	0.527	-0.551	0.648	0.527	-0.551
0.648	0.527	-0.551	0.648	0.527	-0.551	0.648	0.527	-0.551	0.648	0.527	-0.551	0.648	0.527	-0.551
0.648	0.527	-0.551	0.648	0.527	-0.551	0.648	0.527	-0.551	0.648	0.527	-0.551	0.648	0.527	-0.551
0.648	0.527	-0.551	0.648	0.527	-0.551	0.648	0.527	-0.551	0.648	0.527	-0.551	0.66	0.625	-0.359
0.6759999999999999	0.609	-0.406	0.68	0.613	-0.406	0.68	0.613	-0.406	0.68	0.613	-0.406	0.68	0.613	-0.398
0.68	0.613	-0.406	0.68	0.613	-0.406	0.68	0.613	-0.406	0.68	0.613	-0.406	0.68	0.613	-0.406
0.609	0.5586	-0.5274	0.6409999999999999	0.59	-0.473	0.68	0.613	-0.406	0.68	0.613	-0.406	0.684	0.6409999999999999	-0.402
0.645	0.551	-0.527	0.648	0.555	-0.523	0.648	0.5589999999999999	-0.516	0.648	0.563	-0.508	0.652	0.5660000000000001	-0.508
0.652	0.551	-0.516	0.652	0.551	-0.512	0.652	0.551	-0.512	0.652	0.551	-0.512	0.652	0.551	-0.512
0.652	0.551	-0.512	0.652	0.551	-0.512	0.652	0.551	-0.512	0.652	0.551	-0.512	0.652	0.551	-0.512
0.652	0.551	-0.512	0.652	0.551	-0.512	0.652	0.551	-0.512	0.652	0.551	-0.512	0.652	0.551	-0.512
0.652	0.551	-0.512	0.652	0.551	-0.512	0.652	0.551	-0.512	0.652	0.551	-0.512	0.652	0.551	-0.512
0.652	0.551	-0.512	0.652	0.551	-0.512	0.652	0.551	-0.512	0.652	0.551	-0.512	0.652	0.551	-0.512
0.652	0.551	-0.512	0.652	0.551	-0.512	0.652	0.551	-0.512	0.652	0.551	-0.512	0.652	0.551	-0.512
0.652	0.551	-0.512	0.652	0.551	-0.512	0.652	0.551	-0.512	0.652	0.551	-0.512	0.652	0.551	-0.512
0.652	0.551	-0.512	0.652	0.551	-0.512	0.652	0.551	-0.512	0.652	0.551	-0.512	0.652	0.551	-0.512
0.652	0.551	-0.512	0.652	0.551	-0.512	0.652	0.551	-0.512	0.652	0.551	-0.512	0.652	0.551	-0.512
0.652	0.551	-0.512	0.652	0.551	-0.512	0.652	0.551	-0.512	0.652	0.551	-0.512	0.652	0.551	-0.512
0.648	0.551	-0.512	0.652	0.551	-0.512	0.652	0.551	-0.512	0.652	0.57	-0.5	0.652	0.578	-0.4920000000000001
0.652	0.57	-0.496	0.652	0.57	-0.496	0.652	0.57	-0.496	0.652	0.57	-0.496	0.652	0.57	-0.496
0.652	0.57	-0.496	0.652	0.57	-0.496	0.652	0.57	-0.496	0.652	0.57	-0.496	0.652	0.57	-0.496
0.652	0.57	-0.496	0.652	0.57	-0.496	0.652	0.57	-0.496	0.652	0.57	-0.496	0.652	0.57	-0.496
0.629	0.5429999999999999	-0.555	0.633	0.547	-0.547	0.637	0.547	-0.547	0.637	0.547	-0.547	0.6457000000000009	0.57	-0.4995999999999994
0.637	0.547	-0.547	0.637	0.547	-0.547	0.637	0.547	-0.547	0.637	0.547	-0.547	0.637	0.547	-0.547
0.637	0.547	-0.547	0.637	0.547	-0.547	0.637	0.547	-0.547	0.637	0.547	-0.547	0.637	0.547	-0.547
0.637	0.547	-0.547	0.637	0.547	-0.547	0.637	0.547	-0.547	0.637	0.547	-0.547	0.637	0.547	-0.547
0.637	0.547	-0.547	0.637	0.547	-0.547	0.637	0.547	-0.547	0.637	0.547	-0.547	0.637	0.547	-0.547
0.637	0.547	-0.547	0.637	0.547	-0.547	0.637	0.547	-0.547	0.637	0.547	-0.547	0.637	0.547	-0.547
0.637	0.547	-0.547	0.637	0.547	-0.547	0.637	0.547	-0.547	0.637	0.547	-0.547	0.637	0.547	-0.547
0.129	0.547	-0.547	0.191	0.547	-0.547	0.637	0.547	-0.547	0.637	0.93	-0.309	0.637	0.965	-0.227
0.055	0.93	-0.305	0.07400000000000001	0.949	-0.23	0.08199999999999999	0.977	-0.223	0.23	0.984	-0.211	0.266	0.992	-0.16399999999999998
0.078	0.953	-0.234	0.08199999999999999	0.957	-0.23	0.086	0.977	-0.227	0.27	0.98	0.063	0.277	0.98	0.08199999999999999
0.285	0.949	0.063	0.285	0.949	0.063	0.285	0.949	0.063	0.285	0.949	0.063	0.285	0.949	0.063
0.285	0.949	0.063	0.285	0.949	0.063	0.285	0.949	0.063	0.285	0.949	0.063	0.285	0.949	0.063
0.184	0.926	0.051	0.285	0.93	0.063	0.309	0.934	0.133	0.309	0.949	0.141	0.316	0.953	0.141
0.035	1.0	-0.07400000000000001	0.043	1.004	-0.023	0.043	1.004	-0.016	0.051	1.008	0.004	0.051	1.012	0.047
0.043	0.996	-0.152	0.047	1.0	-0.14800000000000002	0.051	1.0	-0.13699999999999998	0.055	1.0	-0.117	0.066	1.004	-0.102
-0.184	0.965	-0.184	0.016	0.996	-0.18	0.039	1.0	-0.063	0.051	1.008	-0.047	0.055	1.012	0.035
0.063	0.965	-0.188	0.07	0.992	-0.184	0.07	0.996	-0.18	0.07	0.996	-0.18	0.27	0.996	-0.06959999999999945
0.301	0.945	0.023	0.301	0.945	0.027000000000000003	0.301	0.945	0.027000000000000003	0.301	0.945	0.027000000000000003	0.305	0.949	0.031
0.301	0.945	0.027000000000000003	0.301	0.945	0.027000000000000003	0.301	0.945	0.027000000000000003	0.301	0.945	0.027000000000000003	0.301	0.945	0.027000000000000003
0.313	0.934	0.035	0.316	0.934	0.043	0.316	0.934	0.043	0.316	0.938	0.043	0.316	0.941	0.043
0.316	0.934	0.043	0.316	0.934	0.043	0.316	0.934	0.043	0.316	0.934	0.043	0.316	0.934	0.043
0.316	0.934	0.043	0.316	0.934	0.043	0.316	0.934	0.043	0.316	0.934	0.043	0.316	0.934	0.043
0.316	0.934	0.043	0.316	0.934	0.043	0.316	0.934	0.043	0.316	0.934	0.043	0.316	0.934	0.043
-0.055	0.934	-0.254	0.08199999999999999	0.934	-0.09	0.316	0.934	0.043	0.316	1.0	0.043	0.316	1.012	0.043
0.023	0.965	-0.301	0.039	0.969	-0.281	0.051	0.977	-0.262	0.055	0.98	-0.25	0.066	0.988	-0.219
0.051	0.977	-0.254	0.051	0.977	-0.254	0.051	0.977	-0.254	0.051	0.977	-0.254	0.051	0.977	-0.254
0.051	0.977	-0.254	0.051	0.977	-0.254	0.051	0.977	-0.254	0.051	0.977	-0.254	0.051	0.977	-0.254
0.051	0.934	-0.254	0.32	0.934	-0.098	0.324	0.934	-0.098	0.324	0.941	-0.094	0.328	0.977	-0.094
0.324	0.934	-0.098	0.324	0.934	-0.098	0.324	0.934	-0.098	0.324	0.934	-0.098	0.324	0.934	-0.098
0.359	0.922	-0.098	0.359	0.926	-0.066	0.359	0.926	-0.066	0.363	0.926	-0.066	0.3670000000000001	0.93	-0.063
0.359	0.926	-0.066	0.359	0.926	-0.066	0.359	0.926	-0.066	0.359	0.926	-0.066	0.359	0.926	-0.066
0.359	0.926	-0.066	0.359	0.926	-0.066	0.359	0.926	-0.066	0.359	0.926	-0.066	0.359	0.926	-0.066
0.371	0.918	-0.078	0.375	0.922	-0.078	0.383	0.922	-0.078	0.383	0.922	-0.078	0.383	0.922	-0.078
0.383	0.922	-0.078	0.383	0.922	-0.078	0.383	0.922	-0.078	0.383	0.922	-0.078	0.383	0.922	-0.078
0.383	0.922	-0.078	0.383	0.922	-0.078	0.383	0.922	-0.078	0.383	0.922	-0.078	0.383	0.922	-0.078
0.383	0.922	-0.078	0.383	0.922	-0.078	0.383	0.922	-0.078	0.383	0.922	-0.078	0.383	0.922	-0.078
0.383	0.922	-0.078	0.383	0.922	-0.078	0.383	0.922	-0.078	0.383	0.922	-0.078	0.383	0.922	-0.078
0.383	0.922	-0.078	0.383	0.922	-0.078	0.383	0.922	-0.078	0.383	0.922	-0.078	0.383	0.922	-0.078
0.383	0.922	-0.078	0.383	0.922	-0.078	0.383	0.922	-0.078	0.383	0.922	-0.078	0.383	0.922	-0.078
0.383	0.922	-0.078	0.383	0.922	-0.078	0.383	0.922	-0.078	0.383	0.922	-0.078	0.383	0.922	-0.078
0.309	0.922	-0.078	0.324	0.922	-0.078	0.3670000000000001	0.926	-0.07	0.383	0.938	-0.039	0.383	0.945	-0.02
0.3670000000000001	0.926	-0.07400000000000001	0.3670000000000001	0.926	-0.07400000000000001	0.3670000000000001	0.926	-0.07400000000000001	0.3670000000000001	0.926	-0.07400000000000001	0.3670000000000001	0.926	-0.07400000000000001
0.078	0.895	-0.395	0.13699999999999998	0.926	-0.35200000000000004	0.174	0.949	-0.297	0.203	0.961	-0.238	0.273	0.977	-0.191
-0.602	0.816	-0.371	-0.324	0.902	-0.34	-0.215	0.945	-0.203	0.051	0.984	-0.133	0.105	1.004	-0.031
-0.34	0.809	-0.395	-0.289	0.922	-0.344	-0.25	0.953	-0.281	-0.203	0.992	-0.20199999999999999	-0.13699999999999998	1.0633000000000004	-0.117
-0.414	0.883	-0.34	-0.371	0.93	-0.234	-0.277	0.961	-0.141	-0.238	0.992	-0.098	-0.16	1.035	-0.035
-0.465	0.9136	-0.266	-0.328	0.953	-0.25	-0.246	0.965	-0.219	-0.227	0.977	-0.121	-0.211	0.988	-0.035
-0.262	0.953	-0.281	-0.246	0.961	-0.266	-0.215	0.973	-0.238	-0.184	0.984	-0.207	-0.16399999999999998	0.992	-0.184
-0.32	0.945	-0.262	-0.289	0.961	-0.23	-0.215	0.992	-0.102	-0.168	1.004	-0.039	-0.152	1.012	-0.02
-0.328	0.945	-0.266	-0.313	0.953	-0.242	-0.301	0.961	-0.223	-0.25	0.965	-0.215	-0.17600000000000002	0.98	-0.203
-0.316	0.941	-0.305	-0.293	0.953	-0.27	-0.277	0.961	-0.23	-0.246	0.969	-0.215	-0.184	0.9804000000000004	-0.207
-0.219	0.949	-0.332	-0.188	0.965	-0.277	-0.16	0.98	-0.23	-0.141	0.992	-0.195	-0.125	1.0	-0.152
-0.246	0.887	-0.371	-0.199	0.9520000000000001	-0.324	-0.16	0.973	-0.266	-0.117	1.004	-0.152	-0.07400000000000001	1.051	-0.043
-0.289	0.871	-0.359	-0.242	0.957	-0.28200000000000003	-0.188	0.984	-0.215	-0.145	1.004	-0.133	-0.109	1.055	-0.012
-0.281	0.8240000000000001	-0.383	-0.23	0.953	-0.309	-0.172	0.984	-0.201	-0.129	1.016	-0.078	-0.07400000000000001	1.0590000000000002	0.004
-0.473	0.836	-0.34	-0.281	0.91	-0.301	-0.184	0.984	-0.209	-0.121	1.004	-0.132	-0.07400000000000001	1.039	-0.016
-0.281	0.777	-0.414	-0.23	0.945	-0.313	-0.184	0.984	-0.205	-0.133	1.023	-0.08199999999999999	-0.078	1.074	-0.004
-0.598	0.738	-0.387	-0.387	0.879	-0.359	-0.285	0.949	-0.238	-0.19399999999999998	0.988	-0.102	-0.133	1.039	-0.016
-0.254	0.9407	-0.35200000000000004	-0.195	0.957	-0.324	-0.16	0.969	-0.27	-0.133	0.984	-0.23	-0.105	1.0	-0.152
-0.297	0.961	-0.305	-0.238	0.969	-0.277	-0.16399999999999998	0.98	-0.207	-0.145	0.996	-0.004	-0.121	1.004	0.055
-0.254	0.93	-0.383	-0.207	0.965	-0.281	-0.184	0.98	-0.219	-0.145	1.0	-0.059	-0.105	1.012	0.0
-0.289	0.949	-0.293	-0.258	0.961	-0.25	-0.238	0.969	-0.23	-0.223	0.977	-0.219	-0.191	0.984	-0.211
-0.324	0.953	-0.293	-0.23	0.965	-0.258	-0.168	0.98	-0.207	-0.129	0.996	-0.145	-0.102	1.012	-0.08199999999999999
-0.3670000000000001	0.9446	-0.273	-0.277	0.965	-0.227	-0.195	0.98	-0.109	-0.152	1.0	-0.039	-0.121	1.012	0.027000000000000003
-0.316	0.797	-0.398	-0.243	0.926	-0.289	-0.172	0.984	-0.16399999999999998	-0.109	1.031	-0.043	-0.058599999999999465	1.09	0.051
-0.2114	0.91	-0.152	0.219	0.926	-0.08199999999999999	0.258	0.945	-0.016	0.281	0.973	0.113	0.355	1.004	0.242
0.219	0.836	-0.301	0.324	0.871	-0.18	0.371	0.922	-0.09	0.406	0.941	-0.039	0.449	0.969	0.152
0.441	0.742	-0.4920000000000001	0.449	0.762	-0.465	0.457	0.7659999999999999	-0.453	0.465	0.7809999999999999	-0.425	0.469	0.797	-0.391
0.453	0.7929999999999999	-0.402	0.461	0.7929999999999999	-0.395	0.465	0.7929999999999999	-0.395	0.465	0.797	-0.395	0.465	0.852	-0.207
0.449	0.8590000000000001	-0.16399999999999998	0.449	0.867	-0.156	0.449	0.867	-0.152	0.453	0.867	-0.152	0.461	0.871	-0.152
0.449	0.867	-0.152	0.449	0.867	-0.152	0.449	0.867	-0.152	0.449	0.867	-0.152	0.449	0.867	-0.152
0.449	0.867	-0.152	0.449	0.867	-0.152	0.449	0.867	-0.152	0.449	0.867	-0.152	0.449	0.867	-0.152
0.449	0.867	-0.152	0.449	0.867	-0.125	0.449	0.871	-0.117	0.453	0.871	-0.117	0.457	0.871	-0.117
0.449	0.871	-0.117	0.449	0.871	-0.117	0.449	0.871	-0.117	0.449	0.871	-0.117	0.449	0.871	-0.117
0.449	0.871	-0.117	0.449	0.871	-0.117	0.449	0.871	-0.117	0.449	0.871	-0.117	0.449	0.871	-0.117
0.449	0.855	-0.14800000000000002	0.449	0.863	-0.141	0.449	0.871	-0.117	0.473	0.871	-0.117	0.473	0.871	-0.117
0.473	0.855	-0.145	0.473	0.855	-0.145	0.473	0.855	-0.145	0.473	0.855	-0.145	0.473	0.855	-0.145
0.473	0.855	-0.145	0.473	0.855	-0.145	0.473	0.855	-0.145	0.473	0.855	-0.145	0.473	0.855	-0.145
0.473	0.852	-0.129	0.477	0.855	-0.121	0.48	0.855	-0.117	0.48	0.8590000000000001	-0.113	0.484	0.863	-0.113
0.477	0.797	-0.32	0.48	0.836	-0.113	0.508	0.84	-0.113	0.512	0.855	-0.059	0.516	0.855	-0.047
0.508	0.8440000000000001	-0.059	0.508	0.8440000000000001	-0.051	0.508	0.8440000000000001	-0.051	0.508	0.8440000000000001	-0.051	0.508	0.8440000000000001	-0.051
0.508	0.836	-0.051	0.508	0.836	-0.051	0.512	0.836	-0.039	0.512	0.8440000000000001	-0.039	0.516	0.8440000000000001	-0.039
0.512	0.836	-0.039	0.512	0.836	-0.039	0.512	0.836	-0.039	0.512	0.836	-0.039	0.512	0.836	-0.039
0.512	0.836	-0.039	0.512	0.836	-0.039	0.512	0.836	-0.039	0.512	0.836	-0.039	0.512	0.836	-0.039
0.512	0.836	-0.039	0.512	0.836	-0.039	0.512	0.836	-0.039	0.512	0.836	-0.039	0.512	0.836	-0.039
0.512	0.836	-0.039	0.512	0.836	-0.039	0.512	0.836	-0.039	0.512	0.836	-0.039	0.512	0.836	-0.039
0.488	0.836	0.027000000000000003	0.4920000000000001	0.836	0.039	0.504	0.84	0.055	0.508	0.852	0.08199999999999999	0.512	0.852	0.09
0.4920000000000001	0.852	0.027000000000000003	0.4920000000000001	0.852	0.027000000000000003	0.4920000000000001	0.852	0.027000000000000003	0.4920000000000001	0.852	0.027000000000000003	0.4920000000000001	0.852	0.027000000000000003
0.4920000000000001	0.852	0.027000000000000003	0.4920000000000001	0.852	0.027000000000000003	0.4920000000000001	0.852	0.027000000000000003	0.4920000000000001	0.852	0.027000000000000003	0.4920000000000001	0.852	0.027000000000000003
0.4920000000000001	0.836	-0.129	0.4920000000000001	0.852	0.027000000000000003	0.4920000000000001	0.852	0.027000000000000003	0.4920000000000001	0.852	0.027000000000000003	0.496	0.852	0.027000000000000003
0.4920000000000001	0.848	-0.027000000000000003	0.496	0.848	-0.02	0.496	0.848	-0.012	0.496	0.848	-0.012	0.496	0.852	-0.012
0.496	0.848	-0.012	0.496	0.848	-0.012	0.496	0.848	-0.012	0.496	0.848	-0.012	0.496	0.848	-0.012
0.496	0.848	-0.012	0.496	0.848	-0.012	0.496	0.848	-0.012	0.496	0.848	-0.012	0.496	0.848	-0.012
0.496	0.848	-0.012	0.496	0.848	-0.012	0.496	0.848	-0.012	0.496	0.848	-0.012	0.496	0.848	-0.012
0.496	0.848	-0.012	0.496	0.848	-0.012	0.496	0.848	-0.012	0.496	0.848	-0.012	0.496	0.848	-0.012
0.473	0.82	0.129	0.496	0.8320000000000001	0.133	0.5	0.836	0.13699999999999998	0.5	0.836	0.156	0.504	0.84	0.215
0.5	0.836	0.133	0.5	0.836	0.133	0.5	0.836	0.133	0.5	0.836	0.133	0.5	0.836	0.133
0.5	0.836	0.133	0.5	0.836	0.133	0.5	0.836	0.133	0.5	0.836	0.133	0.5	0.836	0.133
0.5	0.758	0.043	0.5660000000000001	0.762	0.07400000000000001	0.613	0.7659999999999999	0.07400000000000001	0.613	0.805	0.09	0.617	0.836	0.133
0.578	0.789	0.051	0.578	0.789	0.055	0.578	0.789	0.055	0.578	0.789	0.055	0.5820000000000001	0.7929999999999999	0.055
0.578	0.789	0.055	0.578	0.789	0.055	0.578	0.789	0.055	0.578	0.789	0.055	0.578	0.789	0.055
0.578	0.789	0.055	0.578	0.789	0.055	0.578	0.789	0.055	0.578	0.789	0.055	0.578	0.789	0.055
0.578	0.789	0.055	0.578	0.789	0.055	0.578	0.789	0.055	0.578	0.789	0.055	0.578	0.789	0.055
0.578	0.789	0.055	0.578	0.789	0.055	0.578	0.789	0.055	0.578	0.789	0.055	0.578	0.789	0.055
0.578	0.789	0.055	0.578	0.789	0.055	0.578	0.789	0.055	0.578	0.789	0.055	0.578	0.789	0.055
0.578	0.789	0.055	0.578	0.789	0.055	0.578	0.789	0.055	0.578	0.789	0.055	0.578	0.789	0.055
0.652	0.6990000000000001	-0.23	0.6559999999999999	0.6990000000000001	-0.223	0.66	0.6990000000000001	-0.223	0.66	0.703	-0.223	0.66	0.703	-0.223
0.66	0.6990000000000001	-0.223	0.66	0.6990000000000001	-0.223	0.66	0.6990000000000001	-0.223	0.66	0.703	-0.184	0.6679999999999999	0.7070000000000001	-0.17600000000000002
0.664	0.703	-0.18	0.664	0.703	-0.18	0.664	0.703	-0.18	0.6679999999999999	0.703	-0.17600000000000002	0.672	0.7070000000000001	-0.168
0.664	0.703	-0.18	0.664	0.703	-0.18	0.664	0.703	-0.18	0.664	0.703	-0.18	0.664	0.703	-0.18
0.664	0.703	-0.18	0.664	0.703	-0.18	0.664	0.703	-0.18	0.664	0.703	-0.18	0.664	0.703	-0.18
0.664	0.703	-0.18	0.664	0.703	-0.18	0.664	0.703	-0.18	0.664	0.703	-0.18	0.664	0.703	-0.18
0.664	0.6409999999999999	-0.363	0.664	0.6409999999999999	-0.355	0.664	0.645	-0.35200000000000004	0.672	0.703	-0.18	0.6759999999999999	0.703	-0.18
0.6759999999999999	0.645	-0.35200000000000004	0.6759999999999999	0.645	-0.35200000000000004	0.6759999999999999	0.645	-0.35200000000000004	0.6759999999999999	0.645	-0.35200000000000004	0.6759999999999999	0.645	-0.35200000000000004
0.6759999999999999	0.645	-0.35200000000000004	0.6759999999999999	0.645	-0.35200000000000004	0.6759999999999999	0.645	-0.35200000000000004	0.6759999999999999	0.645	-0.35200000000000004	0.6759999999999999	0.645	-0.35200000000000004
0.6409999999999999	0.633	-0.398	0.66	0.637	-0.387	0.664	0.6409999999999999	-0.379	0.6759999999999999	0.645	-0.35200000000000004	0.6759999999999999	0.648	-0.35200000000000004
0.664	0.6409999999999999	-0.379	0.664	0.6409999999999999	-0.379	0.664	0.6409999999999999	-0.379	0.664	0.6409999999999999	-0.379	0.664	0.6409999999999999	-0.379
0.664	0.6409999999999999	-0.379	0.664	0.6409999999999999	-0.379	0.664	0.6409999999999999	-0.379	0.664	0.6409999999999999	-0.379	0.664	0.6409999999999999	-0.379
0.664	0.6409999999999999	-0.379	0.664	0.6409999999999999	-0.379	0.664	0.6409999999999999	-0.379	0.664	0.6409999999999999	-0.379	0.664	0.6409999999999999	-0.379
0.6559999999999999	0.645	-0.355	0.664	0.645	-0.35200000000000004	0.672	0.645	-0.348	0.672	0.652	-0.348	0.672	0.66	-0.344
0.652	0.645	-0.363	0.6559999999999999	0.648	-0.359	0.664	0.648	-0.359	0.664	0.652	-0.355	0.672	0.6559999999999999	-0.348
0.652	0.6409999999999999	-0.371	0.664	0.648	-0.359	0.664	0.648	-0.359	0.6759999999999999	0.6759999999999999	-0.246	0.684	0.695	-0.207
0.648	0.617	-0.406	0.664	0.629	-0.383	0.672	0.6409999999999999	-0.363	0.6759999999999999	0.66	-0.313	0.684	0.6759999999999999	-0.258
0.574	0.629	-0.418	0.578	0.6759999999999999	-0.395	0.5820000000000001	0.7070000000000001	-0.391	0.586	0.7070000000000001	-0.387	0.6759999999999999	0.711	-0.363
0.586	0.7070000000000001	-0.391	0.586	0.7070000000000001	-0.391	0.586	0.7070000000000001	-0.391	0.586	0.7070000000000001	-0.391	0.586	0.7070000000000001	-0.391
0.586	0.7070000000000001	-0.391	0.586	0.7070000000000001	-0.391	0.586	0.7070000000000001	-0.391	0.586	0.7070000000000001	-0.391	0.586	0.7070000000000001	-0.391
0.586	0.7070000000000001	-0.391	0.586	0.7070000000000001	-0.391	0.586	0.7070000000000001	-0.391	0.586	0.7070000000000001	-0.391	0.586	0.7070000000000001	-0.391
0.586	0.7070000000000001	-0.391	0.586	0.7070000000000001	-0.391	0.586	0.7070000000000001	-0.391	0.586	0.7070000000000001	-0.391	0.586	0.7070000000000001	-0.391
0.586	0.7070000000000001	-0.391	0.586	0.7070000000000001	-0.391	0.586	0.7070000000000001	-0.391	0.586	0.7070000000000001	-0.391	0.586	0.7070000000000001	-0.391
0.586	0.7070000000000001	-0.391	0.586	0.7070000000000001	-0.391	0.586	0.7070000000000001	-0.391	0.586	0.7070000000000001	-0.391	0.586	0.7070000000000001	-0.391
0.586	0.7070000000000001	-0.391	0.586	0.7070000000000001	-0.391	0.586	0.7070000000000001	-0.391	0.586	0.7070000000000001	-0.391	0.586	0.7070000000000001	-0.391
0.512	0.7070000000000001	-0.391	0.586	0.7070000000000001	-0.391	0.586	0.7070000000000001	-0.391	0.586	0.7070000000000001	-0.391	0.586	0.777	-0.31259999999999943
0.262	0.84	-0.309	0.387	0.848	-0.297	0.422	0.879	-0.188	0.438	0.898	-0.156	0.453	0.957	-0.117
0.43	0.848	-0.297	0.43	0.848	-0.297	0.43	0.848	-0.297	0.43	0.848	-0.297	0.43	0.848	-0.297
0.43	0.855	-0.258	0.43	0.863	-0.254	0.43	0.863	-0.254	0.43	0.863	-0.254	0.434	0.863	-0.254
0.43	0.863	-0.254	0.43	0.863	-0.254	0.43	0.863	-0.254	0.43	0.863	-0.254	0.43	0.863	-0.254
0.43	0.863	-0.254	0.43	0.863	-0.254	0.43	0.863	-0.254	0.43	0.863	-0.254	0.43	0.863	-0.254
0.43	0.863	-0.254	0.43	0.863	-0.254	0.43	0.863	-0.254	0.43	0.863	-0.254	0.43	0.863	-0.254
0.43	0.8009999999999999	-0.316	0.43	0.82	-0.254	0.43	0.863	-0.254	0.496	0.863	-0.254	0.508	0.863	-0.254
0.496	0.8009999999999999	-0.293	0.5	0.805	-0.289	0.5	0.809	-0.289	0.504	0.813	-0.285	0.508	0.813	-0.254
0.5	0.813	-0.289	0.5	0.813	-0.289	0.5	0.813	-0.289	0.5	0.8240000000000001	-0.207	0.504	0.8320000000000001	-0.199
0.508	0.828	-0.199	0.508	0.828	-0.199	0.508	0.828	-0.199	0.508	0.828	-0.199	0.508	0.828	-0.199
0.508	0.82	-0.199	0.508	0.8240000000000001	-0.199	0.508	0.828	-0.199	0.523	0.828	-0.18	0.523	0.828	-0.17600000000000002
0.523	0.828	-0.18	0.523	0.828	-0.18	0.523	0.828	-0.18	0.523	0.828	-0.18	0.523	0.828	-0.18
0.523	0.828	-0.18	0.523	0.828	-0.18	0.523	0.828	-0.18	0.523	0.828	-0.18	0.523	0.828	-0.18
0.523	0.828	-0.18	0.523	0.828	-0.18	0.523	0.828	-0.18	0.523	0.828	-0.18	0.523	0.828	-0.18
0.523	0.828	-0.18	0.523	0.828	-0.18	0.523	0.828	-0.18	0.523	0.828	-0.18	0.523	0.828	-0.18
0.523	0.828	-0.18	0.523	0.828	-0.18	0.523	0.828	-0.18	0.523	0.828	-0.18	0.523	0.828	-0.18
0.523	0.828	-0.18	0.523	0.828	-0.18	0.523	0.828	-0.18	0.523	0.828	-0.18	0.523	0.828	-0.18
0.523	0.828	-0.18	0.523	0.828	-0.18	0.523	0.828	-0.18	0.523	0.828	-0.18	0.523	0.828	-0.18
0.484	0.828	-0.223	0.488	0.8320000000000001	-0.219	0.488	0.836	-0.219	0.4920000000000001	0.836	-0.219	0.523	0.836	-0.18
0.488	0.836	-0.242	0.488	0.836	-0.219	0.488	0.836	-0.219	0.488	0.836	-0.219	0.488	0.836	-0.219
0.504	0.742	-0.438	0.508	0.742	-0.438	0.508	0.742	-0.438	0.508	0.742	-0.43	0.508	0.75	-0.426
0.504	0.727	-0.465	0.504	0.7340000000000001	-0.461	0.508	0.742	-0.438	0.508	0.742	-0.438	0.508	0.742	-0.438
0.504	0.7340000000000001	-0.465	0.504	0.7340000000000001	-0.465	0.504	0.7340000000000001	-0.465	0.504	0.7340000000000001	-0.465	0.504	0.7340000000000001	-0.465
0.504	0.7340000000000001	-0.465	0.504	0.7340000000000001	-0.465	0.504	0.7340000000000001	-0.465	0.504	0.7340000000000001	-0.465	0.563	0.77	-0.2375999999999995
0.555	0.75	-0.328	0.555	0.75	-0.324	0.5589999999999999	0.75	-0.324	0.5589999999999999	0.754	-0.324	0.563	0.758	-0.32
0.5429999999999999	0.75	-0.324	0.5429999999999999	0.77	-0.285	0.5429999999999999	0.7809999999999999	-0.285	0.555	0.7809999999999999	-0.281	0.563	0.7809999999999999	-0.266
0.527	0.711	-0.43	0.535	0.746	-0.3680000000000001	0.539	0.805	-0.188	0.547	0.809	-0.184	0.5660000000000001	0.813	-0.109
0.539	0.805	-0.188	0.539	0.805	-0.188	0.539	0.805	-0.188	0.539	0.805	-0.188	0.539	0.805	-0.188
0.539	0.805	-0.188	0.539	0.805	-0.188	0.539	0.805	-0.188	0.539	0.805	-0.188	0.539	0.805	-0.188
0.539	0.805	-0.188	0.539	0.805	-0.188	0.539	0.805	-0.188	0.539	0.805	-0.188	0.539	0.805	-0.188
0.539	0.8009999999999999	-0.219	0.539	0.805	-0.188	0.539	0.805	-0.188	0.539	0.805	-0.188	0.547	0.805	-0.188
0.547	0.785	-0.207	0.551	0.785	-0.203	0.551	0.785	-0.203	0.551	0.785	-0.203	0.551	0.8009999999999999	-0.203
0.551	0.785	-0.203	0.551	0.785	-0.203	0.551	0.785	-0.203	0.551	0.785	-0.203	0.551	0.785	-0.203
0.551	0.785	-0.203	0.551	0.785	-0.203	0.551	0.785	-0.203	0.551	0.785	-0.203	0.551	0.785	-0.203
0.551	0.785	-0.203	0.551	0.785	-0.203	0.551	0.785	-0.203	0.551	0.785	-0.203	0.551	0.785	-0.203
0.551	0.785	-0.203	0.551	0.785	-0.203	0.551	0.785	-0.203	0.551	0.785	-0.203	0.551	0.785	-0.203
0.551	0.785	-0.203	0.551	0.785	-0.203	0.551	0.785	-0.203	0.551	0.785	-0.203	0.551	0.785	-0.203
0.551	0.785	-0.203	0.551	0.785	-0.203	0.551	0.785	-0.203	0.551	0.785	-0.203	0.551	0.785	-0.203
0.551	0.785	-0.203	0.551	0.785	-0.203	0.551	0.785	-0.203	0.551	0.785	-0.203	0.551	0.785	-0.203
0.551	0.785	-0.203	0.551	0.785	-0.203	0.551	0.785	-0.203	0.551	0.785	-0.203	0.551	0.785	-0.203
0.551	0.785	-0.203	0.551	0.785	-0.203	0.551	0.785	-0.203	0.551	0.785	-0.203	0.551	0.785	-0.203
0.551	0.785	-0.203	0.551	0.785	-0.203	0.551	0.785	-0.203	0.551	0.785	-0.203	0.551	0.785	-0.203
0.5429999999999999	0.8009999999999999	-0.17600000000000002	0.5429999999999999	0.809	-0.16	0.5429999999999999	0.813	-0.156	0.547	0.813	-0.156	0.547	0.813	-0.156
0.5429999999999999	0.773	-0.23	0.5429999999999999	0.813	-0.156	0.5429999999999999	0.813	-0.156	0.5429999999999999	0.813	-0.156	0.578	0.813	-0.156
0.563	0.77	-0.258	0.563	0.77	-0.254	0.563	0.77	-0.254	0.563	0.77	-0.254	0.5660000000000001	0.773	-0.254
0.488	0.594	-0.625	0.527	0.598	-0.598	0.539	0.609	-0.598	0.547	0.6559999999999999	-0.555	0.563	0.77	-0.254
0.508	0.598	-0.6174	0.52	0.598	-0.605	0.531	0.605	-0.598	0.5429999999999999	0.613	-0.598	0.5429999999999999	0.629	-0.586
0.508	0.672	-0.539	0.512	0.672	-0.539	0.516	0.672	-0.539	0.516	0.6759999999999999	-0.531	0.516	0.691	-0.516
0.453	0.5820000000000001	-0.66	0.488	0.602	-0.625	0.516	0.605	-0.609	0.531	0.617	-0.598	0.539	0.691	-0.527
0.473	0.578	-0.672	0.48	0.598	-0.66	0.52	0.605	-0.613	0.527	0.629	-0.57	0.547	0.691	-0.469
0.473	0.578	-0.672	0.508	0.75	-0.445	0.535	0.7809999999999999	-0.297	0.539	0.785	-0.289	0.5429999999999999	0.7929999999999999	-0.262
0.531	0.777	-0.297	0.531	0.7809999999999999	-0.297	0.531	0.7809999999999999	-0.297	0.539	0.7809999999999999	-0.289	0.5429999999999999	0.785	-0.285
0.547	0.777	-0.289	0.547	0.777	-0.289	0.547	0.777	-0.289	0.547	0.777	-0.289	0.547	0.777	-0.289
0.547	0.777	-0.289	0.547	0.777	-0.289	0.547	0.777	-0.289	0.547	0.777	-0.289	0.547	0.777	-0.289
0.547	0.777	-0.289	0.547	0.777	-0.289	0.547	0.777	-0.289	0.547	0.777	-0.289	0.547	0.777	-0.289
0.535	0.777	-0.289	0.539	0.7809999999999999	-0.281	0.539	0.785	-0.273	0.5429999999999999	0.789	-0.27	0.547	0.7929999999999999	-0.258
0.539	0.785	-0.27	0.539	0.785	-0.27	0.539	0.785	-0.27	0.539	0.785	-0.27	0.539	0.785	-0.27
0.539	0.785	-0.27	0.539	0.785	-0.27	0.539	0.785	-0.27	0.539	0.785	-0.27	0.539	0.785	-0.27
0.539	0.785	-0.27	0.539	0.785	-0.27	0.539	0.785	-0.27	0.539	0.785	-0.27	0.539	0.785	-0.27
0.539	0.785	-0.27	0.539	0.785	-0.27	0.539	0.785	-0.27	0.539	0.785	-0.27	0.539	0.785	-0.27
0.539	0.785	-0.27	0.539	0.785	-0.27	0.539	0.785	-0.27	0.539	0.785	-0.27	0.539	0.785	-0.27
0.539	0.785	-0.27	0.539	0.785	-0.27	0.539	0.785	-0.27	0.539	0.785	-0.27	0.539	0.785	-0.27
0.539	0.785	-0.27	0.539	0.785	-0.27	0.539	0.785	-0.27	0.539	0.785	-0.27	0.539	0.785	-0.27
0.539	0.785	-0.27	0.539	0.785	-0.27	0.539	0.785	-0.27	0.539	0.785	-0.27	0.539	0.785	-0.27
0.539	0.7190000000000001	-0.371	0.539	0.727	-0.359	0.578	0.73	-0.355	0.578	0.785	-0.27	0.5820000000000001	0.785	-0.27
0.578	0.727	-0.355	0.578	0.727	-0.355	0.578	0.727	-0.355	0.578	0.727	-0.355	0.578	0.727	-0.355
0.578	0.727	-0.355	0.578	0.727	-0.355	0.578	0.727	-0.355	0.578	0.727	-0.355	0.578	0.727	-0.355
0.578	0.727	-0.355	0.578	0.727	-0.355	0.578	0.727	-0.355	0.578	0.727	-0.355	0.578	0.727	-0.355
0.578	0.727	-0.355	0.578	0.727	-0.355	0.578	0.727	-0.355	0.578	0.727	-0.355	0.578	0.727	-0.355
0.578	0.727	-0.355	0.578	0.727	-0.355	0.578	0.727	-0.355	0.578	0.727	-0.355	0.578	0.727	-0.355
0.578	0.727	-0.355	0.578	0.727	-0.355	0.578	0.727	-0.355	0.578	0.727	-0.355	0.578	0.727	-0.355
0.578	0.727	-0.355	0.578	0.727	-0.355	0.578	0.727	-0.355	0.578	0.727	-0.355	0.578	0.727	-0.355
0.578	0.727	-0.355	0.578	0.727	-0.355	0.578	0.727	-0.355	0.578	0.727	-0.355	0.578	0.727	-0.355
0.578	0.727	-0.355	0.578	0.727	-0.355	0.578	0.727	-0.355	0.578	0.727	-0.355	0.578	0.727	-0.355
0.578	0.727	-0.355	0.578	0.727	-0.355	0.578	0.727	-0.355	0.578	0.727	-0.355	0.578	0.727	-0.355
0.578	0.727	-0.355	0.578	0.727	-0.355	0.578	0.727	-0.355	0.578	0.727	-0.355	0.578	0.727	-0.355
0.578	0.727	-0.355	0.578	0.727	-0.355	0.578	0.727	-0.355	0.578	0.727	-0.355	0.578	0.727	-0.355
0.578	0.727	-0.355	0.578	0.727	-0.355	0.578	0.727	-0.355	0.578	0.727	-0.355	0.578	0.727	-0.355
0.578	0.727	-0.355	0.578	0.727	-0.355	0.578	0.727	-0.355	0.578	0.727	-0.355	0.578	0.727	-0.355
0.578	0.727	-0.355	0.578	0.727	-0.355	0.578	0.727	-0.355	0.578	0.727	-0.355	0.578	0.727	-0.355
0.578	0.727	-0.355	0.578	0.727	-0.355	0.578	0.727	-0.355	0.578	0.727	-0.355	0.578	0.727	-0.355
0.043	0.688	-0.438	0.094	0.715	-0.406	0.551	0.727	-0.355	0.578	0.961	-0.289	0.578	0.973	-0.266
-0.023	0.906	-0.3670000000000001	0.004	0.945	-0.324	0.047	0.969	-0.289	0.09	0.984	-0.25	0.223	1.0	-0.219
-0.73	0.5820000000000001	-0.426	-0.535	0.828	-0.332	-0.375	0.93	-0.258	-0.262	0.973	-0.141	-0.02	0.9964000000000004	0.09
-0.422	0.816	-0.4064	-0.32	0.906	-0.363	-0.254	0.941	-0.332	-0.227	0.965	-0.254	-0.191	0.996	-0.13699999999999998
-0.371	0.848	-0.402	-0.305	0.93	-0.359	-0.215	0.949	-0.336	-0.188	0.973	-0.133	-0.16399999999999998	1.008	-0.034599999999999465
-0.973	0.133	-0.313	-0.922	0.456	-0.23	-0.3965	0.895	-0.18	-0.17600000000000002	0.992	-0.027000000000000003	-0.156	1.0	0.09
-0.395	0.875	-0.379	-0.27075000000000005	0.934	-0.34	-0.234	0.961	-0.27	-0.219	0.965	-0.258	-0.168	0.984	-0.203
-0.438	0.855	-0.3670000000000001	-0.359	0.914	-0.336	-0.246	0.961	-0.281	-0.191	0.973	-0.234	-0.1906999999999996	0.98	-0.223
-0.277	0.898	-0.371	-0.23	0.941	-0.34	-0.203	0.953	-0.32	-0.172	0.984	-0.188	-0.133	1.035	-0.066
-0.293	0.887	-0.3670000000000001	-0.25	0.953	-0.293	-0.207	0.969	-0.25	-0.18	0.996	-0.16399999999999998	-0.14800000000000002	1.043	-0.012
-0.422	0.875	-0.328	-0.317	0.941	-0.27	-0.262	0.969	-0.211	-0.234	0.984	-0.184	-0.21059999999999948	0.996	-0.152
-0.2544	0.93	-0.3670000000000001	-0.195	0.941	-0.348	-0.172	0.965	-0.3145	-0.145	0.996	-0.172	-0.125	1.008	-0.086
-0.254	0.926	-0.363	-0.23	0.938	-0.355	-0.211	0.945	-0.344	-0.195	0.957	-0.324	-0.184	0.969	-0.277
-0.281	0.926	-0.332	-0.258	0.945	-0.32	-0.23	0.961	-0.293	-0.17600000000000002	0.977	-0.234	-0.141	0.996	-0.207
-0.27	0.93	-0.35200000000000004	-0.25	0.949	-0.32	-0.215	0.965	-0.27	-0.191	0.973	-0.238	-0.16	0.988	-0.223
-0.281	0.895	-0.3670000000000001	-0.219	0.965	-0.262	-0.188	0.98	-0.211	-0.16399999999999998	0.996	-0.152	-0.145	1.031	-0.047
-0.293	0.9096	-0.398	-0.227	0.953	-0.316	-0.16	0.973	-0.258	-0.105	0.992	-0.168	-0.09	1.02	-0.07
-0.293	0.758	-0.4224	-0.25	0.926	-0.34	-0.195	0.988	-0.191	-0.152	1.031	-0.055	-0.09	1.086	0.047
-0.285	0.918	-0.371	-0.246	0.945	-0.328	-0.207	0.969	-0.254	-0.191	0.977	-0.227	-0.18	0.984	-0.203
-0.5394	0.836	-0.359	-0.219	0.941	-0.313	-0.152	0.973	-0.25	-0.113	0.992	-0.191	-0.08199999999999999	1.004	-0.102
-0.68	0.7659999999999999	-0.305	-0.625	0.813	-0.281	-0.17600000000000002	0.945	-0.242	-0.129	0.973	-0.09	-0.113	0.984	-0.051
-0.742	0.715	-0.273	-0.125	0.98	-0.219	-0.098	0.992	-0.188	-0.08199999999999999	1.0	-0.16399999999999998	-0.063	1.008	-0.133
-0.742	0.711	-0.262	-0.684	0.762	-0.227	-0.215	0.957	-0.168	-0.141	0.988	-0.059	-0.102	1.004	0.004
-0.746	0.7070000000000001	-0.324	-0.691	0.753	-0.277	-0.25	0.938	-0.215	-0.168	0.977	-0.086	-0.125	0.996	-0.039
-0.258	0.898	-0.3634	-0.215	0.965	-0.285	-0.16	0.984	-0.195	-0.129	1.008	-0.063	-0.094	1.047	0.023
-0.3914	0.852	-0.375	-0.242	0.93	-0.266	-0.18	0.977	-0.16399999999999998	-0.129	1.016	-0.051	-0.078	1.063	0.035
-0.262	0.848	-0.398	-0.219	0.945	-0.32	-0.16	0.98	-0.219	-0.113	1.012	-0.117	-0.07400000000000001	1.0659999999999998	0.035
-0.273	0.871	-0.387	-0.227	0.961	-0.273	-0.16	0.992	-0.199	-0.117	1.012	-0.066	-0.094	1.055	0.055
-0.504	0.8356	-0.332	-0.246	0.938	-0.246	-0.133	0.984	-0.14800000000000002	-0.09	1.012	-0.066	-0.051	1.051	0.043
-0.266	0.953	-0.203	-0.13699999999999998	0.983	-0.199	0.055	0.992	-0.184	0.07	0.996	0.02	0.07	1.02	0.1453000000000004
