Participant	OC_METs	TimeSec	Mean_APthighX	Mean_APthighY	Mean_APthighZ	Var_APthighX	Var_APthighY	Var_APthighZ
1	1.11	30	106.2	127.8	182.4	0.2	0.2	0.2
1	1.14	60	106.0	128.0	182.0	0.0	0.0	0.0
1	1.23	90	106.0	128.0	182.0	0.0	0.0	0.0
1	1.17	120	106.4	128.0	182.4	0.2	0.0	0.2
1	1.20	150	106.6	128.0	182.4	0.2	0.0	0.2
1	1.17	180	106.3	128.0	182.0	0.2	0.0	0.0
1	1.14	210	106.9	128.0	182.0	0.1	0.0	0.0
1	1.09	240	106.6	128.0	182.4	0.2	0.0	0.2
1	1.20	270	107.0	128.8	182.0	0.0	1.0	0.0
1	1.23	300	106.5	128.0	182.0	0.2	0.0	0.0
1	2.51	330	78.1	119.5	154.5	421.2	130.0	270.1
1	3.40	360	81.4	118.1	160.7	700.0	46.5	48.0
1	3.94	390	81.0	118.7	161.0	673.4	50.8	44.2
1	4.00	420	82.2	118.6	161.5	694.8	54.3	36.9
1	4.31	450	82.4	118.5	161.6	689.3	54.5	34.6
1	4.00	480	82.0	118.7	161.7	679.4	55.9	34.1
1	4.40	510	81.6	118.8	161.8	698.8	70.0	41.1
1	4.34	540	81.9	118.7	161.7	677.3	54.5	38.3
1	4.34	570	81.9	118.1	161.4	725.2	59.5	38.7
1	4.40	600	81.6	118.4	161.6	721.3	65.5	39.7
1	3.86	630	70.1	124.9	120.0	419.7	296.9	563.2
1	2.83	660	65.1	124.3	112.7	11.4	145.0	39.6
1	2.46	690	65.1	125.7	112.6	10.8	144.0	41.6
1	2.09	720	64.6	124.1	115.0	39.2	190.8	90.5
1	2.09	750	65.1	124.2	112.3	17.8	127.0	52.8
1	2.11	780	65.6	122.0	112.2	15.7	137.7	56.1
1	1.94	810	66.1	121.2	109.6	8.4	134.3	37.9
1	2.14	840	65.2	123.6	114.5	56.9	193.3	78.3
1	2.20	870	64.8	124.2	113.7	15.9	96.9	75.1
1	2.17	900	65.1	125.2	114.2	34.0	156.5	84.5
1	1.91	930	65.8	127.5	104.8	64.4	57.3	56.3
1	1.63	960	67.1	127.8	101.5	3.3	9.6	8.4
1	1.29	990	66.6	128.0	102.4	0.3	0.0	0.5
1	1.37	1020	66.3	128.7	103.4	0.2	0.2	0.2
1	1.29	1050	66.0	128.2	102.6	0.0	0.1	0.2
1	1.40	1080	66.0	128.6	103.6	0.0	0.2	0.3
1	1.37	1110	66.4	129.0	103.2	0.2	0.0	1.0
1	1.23	1140	66.4	129.0	103.1	0.2	0.0	0.1
1	1.43	1170	66.0	128.8	102.2	0.0	0.5	0.1
1	1.20	1200	66.0	128.9	102.7	0.0	0.6	0.2
1	2.11	1230	65.3	127.5	108.0	143.6	137.6	128.3
1	1.69	1260	65.8	125.9	108.4	5.9	31.0	100.2
1	1.54	1290	65.9	126.1	106.2	9.2	43.1	56.3
1	1.54	1320	65.4	126.4	108.9	10.0	53.4	54.7
1	1.40	1350	65.2	127.2	107.3	6.3	31.7	31.2
1	1.60	1380	65.6	125.4	109.0	9.2	62.7	67.3
1	1.51	1410	65.8	126.8	107.0	17.5	43.6	67.7
1	1.66	1440	65.1	126.5	109.0	19.9	57.5	79.5
1	1.83	1470	66.0	124.4	107.3	12.5	50.8	78.8
1	1.80	1500	65.7	125.8	106.2	10.9	48.5	41.3
1	1.29	1530	66.0	127.0	102.9	5.4	12.8	9.1
1	0.89	1560	66.4	126.9	103.0	0.2	0.1	0.0
1	0.91	1590	66.0	126.0	103.0	0.0	0.0	0.0
1	0.97	1620	65.8	127.5	104.0	0.6	1.9	2.8
1	0.86	1650	65.7	127.4	103.3	0.2	0.2	0.2
1	0.74	1680	66.5	127.4	104.0	0.2	0.2	0.8
1	0.86	1710	66.4	126.6	103.9	0.6	0.9	2.6
1	0.89	1740	65.7	127.0	105.2	0.7	0.5	8.5
1	1.00	1770	66.2	127.0	103.7	0.5	2.9	5.0
1	0.80	1800	66.0	128.0	105.1	0.2	0.2	1.5
1	1.69	1830	120.2	120.9	174.4	520.5	147.4	501.6
1	1.20	1860	117.2	128.0	185.0	0.1	0.0	0.0
1	0.86	1890	118.0	128.0	185.0	0.0	0.0	0.0
1	0.83	1920	117.7	128.0	185.0	0.2	0.0	0.0
1	0.83	1950	117.9	128.0	185.0	0.1	0.0	0.0
1	0.71	1980	117.6	128.0	185.0	0.2	0.0	0.0
1	0.66	2010	118.0	128.0	185.0	0.0	0.0	0.0
1	0.66	2040	117.6	128.0	184.9	0.2	0.0	0.1
1	0.71	2070	117.6	128.0	184.4	0.2	0.0	0.2
1	0.86	2100	117.6	128.0	184.4	0.2	0.0	0.2
1	1.37	2130	81.0	121.0	136.8	648.8	202.5	978.0
1	2.17	2160	71.2	117.4	130.4	77.9	71.7	618.4
1	2.80	2190	71.6	115.8	129.5	80.5	62.9	614.3
1	3.17	2220	71.5	116.0	132.6	81.8	85.0	550.1
1	3.43	2250	72.3	113.8	131.0	87.0	66.4	604.5
1	3.43	2280	72.1	114.5	130.4	88.3	67.0	605.0
1	3.74	2310	86.2	123.1	153.2	580.0	187.9	1156.9
1	2.23	2340	104.2	127.0	181.6	1.0	0.0	0.2
1	1.49	2370	104.2	127.0	181.6	0.1	0.0	0.2
1	1.11	2400	104.3	127.4	181.2	2.0	0.9	0.3
1	0.97	2430	101.3	125.2	179.9	0.6	1.4	0.2
1	0.97	2460	99.6	127.0	179.7	0.2	0.0	0.2
1	0.97	2490	100.4	126.6	180.0	0.2	0.2	0.0
1	1.00	2520	100.0	127.0	180.0	0.0	0.0	0.0
1	0.86	2550	103.4	126.6	180.5	9.7	0.5	1.1
1	0.94	2580	106.0	127.2	182.0	0.0	0.2	0.0
1	1.49	2610	75.4	127.8	132.4	564.4	145.7	1109.8
1	0.94	2640	63.6	129.9	113.8	799.5	278.7	518.7
1	1.60	2670	66.4	125.1	106.4	12.9	55.7	87.7
1	1.63	2700	64.2	130.4	112.5	604.1	179.3	400.5
1	2.00	2730	64.1	131.2	114.3	857.2	280.0	419.1
1	2.26	2760	63.3	130.5	113.7	641.3	307.8	334.3
1	2.09	2790	63.5	131.0	113.4	433.4	242.0	308.9
1	2.20	2820	63.5	130.5	112.8	405.4	263.2	305.7
1	2.00	2850	63.5	130.7	113.4	458.2	282.0	311.3
1	2.09	2880	63.7	130.6	113.1	484.0	268.1	322.3
1	2.03	2910	63.4	131.1	113.7	554.4	353.8	305.8
1	2.11	2940	63.6	131.5	113.1	670.5	345.2	374.3
1	2.20	2970	64.1	131.5	112.6	669.2	358.1	355.8
1	2.06	3000	63.9	130.9	113.1	795.5	355.5	384.6
1	2.29	3030	65.2	130.1	109.6	1010.2	469.5	580.2
1	2.74	3060	64.6	130.0	113.9	1721.3	731.9	1103.9
1	3.54	3090	64.5	129.1	113.8	1791.6	859.3	1125.6
1	3.54	3120	64.0	129.0	113.5	1736.4	817.4	933.7
1	3.51	3150	64.4	130.3	113.3	1842.7	861.3	984.9
1	3.60	3180	64.4	129.9	114.1	1865.1	781.0	1120.6
1	3.66	3210	64.5	130.4	113.3	1793.2	900.5	1014.0
1	3.60	3240	64.1	129.0	114.5	1897.5	1092.2	1211.4
1	3.83	3270	64.2	129.5	113.5	1957.9	1006.9	1165.2
1	3.54	3300	64.4	129.1	113.0	1856.7	1072.2	1137.2
1	3.80	3330	64.6	129.2	113.0	1908.4	1019.7	1072.4
1	3.89	3360	62.8	129.0	113.5	1975.0	1103.9	1208.2
1	4.17	3390	63.6	128.7	114.5	2385.5	1484.5	1474.9
1	5.11	3420	72.2	130.0	117.0	3704.4	2381.3	1820.1
1	6.34	3450	72.3	130.7	115.0	3997.5	2575.5	2007.5
1	6.83	3480	74.1	132.2	114.7	4129.9	2413.3	2142.2
1	6.91	3510	70.3	130.7	117.6	3614.1	2188.9	1756.6
1	6.77	3540	71.9	132.7	117.4	3967.6	2167.5	1858.6
1	7.11	3570	70.9	132.1	116.6	3672.8	2125.6	1832.9
1	7.00	3600	68.9	130.1	117.1	3503.5	2384.5	1839.0
1	7.26	3630	69.2	129.8	116.9	3630.1	1967.2	1797.6
1	7.17	3660	71.5	129.3	115.9	3637.8	2130.8	1759.7
1	7.09	3690	70.5	132.5	116.7	3733.0	2215.0	2062.7
1	6.43	3720	68.0	130.5	112.4	2382.5	1419.0	1233.6
1	4.83	3750	64.4	130.2	113.5	957.3	527.8	694.1
1	1.89	3780	64.7	129.5	125.8	1066.2	510.2	481.0
1	5.77	3810	65.1	130.6	125.1	970.1	481.0	403.9
1	6.06	3840	63.8	129.9	125.2	922.4	461.2	456.7
1	6.29	3870	65.5	130.1	125.0	974.9	574.5	482.6
1	6.37	3900	64.7	130.7	123.3	977.9	578.7	415.5
1	6.40	3930	64.2	129.6	124.7	936.4	484.3	443.5
1	6.11	3960	65.4	130.4	124.7	1034.8	620.8	514.8
1	6.20	3990	64.3	130.8	123.1	1014.6	553.1	433.3
1	6.17	4020	64.0	132.8	124.1	948.4	534.7	419.6
1	6.37	4050	65.4	132.6	123.4	994.8	596.7	452.9
1	6.46	4080	65.6	131.6	123.3	1034.6	594.2	462.6
1	6.46	4110	64.8	132.5	124.4	965.2	519.4	456.9
1	6.37	4140	64.5	133.4	125.2	1065.7	548.1	433.3
1	6.46	4170	65.3	131.9	124.7	1050.1	606.2	526.4
1	6.17	4200	64.7	132.5	122.6	1062.4	687.1	474.9
1	4.86	4230	65.2	131.3	112.8	540.5	434.1	419.7
1	1.09	4260	63.6	133.8	112.8	1736.4	996.2	1078.9
1	3.51	4290	64.9	134.4	110.9	1833.2	1132.0	1122.4
1	3.74	4320	64.3	135.5	112.5	1724.3	1073.1	1167.1
1	3.94	4350	77.7	138.0	125.0	2267.3	1270.6	1787.7
1	3.29	4380	86.8	136.5	126.1	911.5	536.3	1138.2
1	3.43	4410	62.8	134.9	116.0	606.8	268.7	375.5
1	2.89	4440	62.5	134.6	115.8	770.2	288.1	534.8
1	2.14	4470	65.1	127.0	135.1	123.8	53.0	169.0
1	2.46	4500	62.9	132.9	117.9	868.0	317.4	577.5
1	2.71	4530	63.7	132.8	117.1	1226.6	352.0	773.7
1	2.97	4560	62.7	133.3	117.5	1128.3	376.6	794.3
1	2.94	4590	63.8	133.4	117.0	1187.6	356.1	773.6
1	3.17	4620	62.7	133.0	117.0	1154.5	364.5	787.0
1	3.00	4650	64.7	132.9	117.2	1266.2	406.2	828.3
1	2.94	4680	63.4	132.8	116.8	1282.5	404.1	793.3
1	3.06	4710	63.2	132.9	117.0	1184.0	450.3	753.2
1	3.03	4740	62.8	133.3	117.4	1180.3	382.8	826.7
1	2.89	4770	63.7	133.2	117.3	1242.3	376.8	858.9
1	3.00	4800	63.6	133.4	116.4	1227.5	381.8	831.0
1	3.29	4830	62.6	133.5	117.2	1261.2	423.4	877.7
1	2.94	4860	65.7	130.0	112.3	795.2	332.9	555.2
1	1.83	4890	64.5	133.8	113.3	704.0	255.4	496.1
1	0.63	4920	103.1	131.5	181.1	0.8	1.2	0.1
1	1.29	4950	103.6	131.9	181.1	2.4	0.4	0.2
1	1.17	4980	104.5	131.4	181.1	8.1	17.2	2.2
1	1.40	5010	106.7	127.8	182.1	3.1	2.2	0.5
1	1.03	5040	107.0	128.2	182.0	0.0	0.2	0.0
1	1.06	5070	106.4	129.4	182.0	0.4	0.9	0.0
1	1.14	5100	108.5	128.9	182.9	2.4	2.6	0.3
1	0.97	5130	107.0	129.0	182.0	0.0	0.0	0.0
1	1.09	5160	107.3	128.7	182.0	0.2	0.2	0.0
1	1.23	5190	101.6	124.8	174.3	323.4	111.5	331.3
